L_vals P_e P_mu P_tau Sum
0.0 1.0 4.098860404142135e-31 7.89294239458499e-31 1.0
1.001001001001001 0.9913992702817271 0.004255455630823791 0.00434527408744885 0.9999999999999998
2.002002002002002 0.9689212310279077 0.015073262924034055 0.016005506048057536 0.9999999999999993
3.0030030030030033 0.9412418887259086 0.02824033528810907 0.03051777598598168 0.9999999999999994
4.004004004004004 0.9190057352018008 0.039111204278318136 0.04188306051988018 0.9999999999999992
5.005005005005005 0.9106757386285862 0.044142742716956715 0.04518151865445612 0.999999999999999
6.0060060060060065 0.9192357723198535 0.04192789871714209 0.03883632896300348 0.9999999999999991
7.007007007007008 0.9410312699628023 0.03345742484535137 0.025511305191846308 1.0
8.008008008008009 0.9671989222636225 0.021616641053194947 0.01118443668318266 1.0
9.00900900900901 0.9871258284613298 0.010158082147151042 0.0027160893915194285 1.0000000000000002
10.01001001001001 0.9925872592993851 0.0025137423299321083 0.004898998370683359 1.0000000000000004
11.011011011011012 0.9809487812033204 0.0008056038317670991 0.018245614964912855 1.0000000000000004
12.012012012012013 0.956185254807004 0.0053078865945527486 0.03850685859844375 1.0000000000000004
13.013013013013014 0.9273223138643121 0.014460673502586993 0.05821701263310087 0.9999999999999999
14.014014014014016 0.9049117914448688 0.02538375098564202 0.06970445756948906 0.9999999999999999
15.015015015015017 0.8969184066028986 0.03472609096921083 0.06835550242789076 1.0000000000000002
16.016016016016017 0.9056223277096588 0.039623588661302056 0.05475408362903953 1.0000000000000002
17.017017017017018 0.9267431586435354 0.038524080206082924 0.03473276115038204 1.0000000000000004
18.01801801801802 0.9511222851841662 0.031668710915407856 0.017209003900426928 1.000000000000001
19.01901901901902 0.9683022085735985 0.021088940541587203 0.010608850884815765 1.0000000000000013
20.02002002002002 0.9706032874196248 0.0100857205599268 0.019310992020449804 1.0000000000000013
21.021021021021024 0.9561076816676161 0.0022908577053278424 0.04160146062705787 1.0000000000000018
22.022022022022025 0.9293903583498863 0.0005442372525195877 0.07006540439759569 1.0000000000000016
23.023023023023026 0.8997184686635281 0.005913395560996849 0.09436813577547638 1.0000000000000013
24.024024024024026 0.8774281818637191 0.017189695426040326 0.10538212271024197 1.0000000000000013
25.025025025025027 0.8698965099983895 0.031090974528904552 0.09901251547270752 1.0000000000000016
26.026026026026027 0.8786791932315189 0.043193751866724334 0.07812705490175906 1.0000000000000022
27.027027027027028 0.8989261002038806 0.04936344750521142 0.051710452290910265 1.0000000000000022
28.028028028028032 0.9212940444431605 0.04723659798390143 0.03146935757294089 1.0000000000000029
29.029029029029033 0.935602624248951 0.037226132869188765 0.02717124288186344 1.000000000000003
30.030030030030034 0.9348019986320683 0.0226255973819239 0.04257240398601183 1.000000000000004
31.031031031031034 0.9177053273132249 0.008670730359943264 0.07362394232683556 1.0000000000000036
32.032032032032035 0.8894261898426179 0.0007929765485739685 0.10978083360881177 1.0000000000000038
33.033033033033036 0.8593601656013343 0.0026341091990044353 0.13800572519966509 1.0000000000000038
34.034034034034036 0.8375076659283348 0.014546187279387994 0.1479461467922806 1.0000000000000033
35.03503503503504 0.8305781812981876 0.033192529361578724 0.13622928934023773 1.000000000000004
36.03603603603604 0.8393948378569522 0.052504908203528926 0.10810025393952337 1.0000000000000044
37.03703703703704 0.8586043015808804 0.0657542255621813 0.07564147285694334 1.0000000000000049
38.03803803803804 0.8787937219087338 0.06803905965000716 0.05316721844126453 1.0000000000000056
39.03903903903904 0.8901777270084238 0.05827249944751636 0.05154977354406569 1.0000000000000058
40.04004004004004 0.8864107706305857 0.03986320085532125 0.07372602851409937 1.0000000000000062
41.04104104104105 0.8670387969633794 0.019727016514405442 0.11323418652222174 1.0000000000000067
42.04204204204205 0.8376424931037219 0.005885166939847002 0.15647233995643764 1.0000000000000064
43.04304304304305 0.807629358019662 0.0044738906944719 0.187896751285873 1.0000000000000069
44.04404404404405 0.7865484868666374 0.017280052144020997 0.19617146098934843 1.0000000000000067
45.04504504504505 0.7803727248013951 0.04079147718720639 0.17883579801140567 1.000000000000007
46.04604604604605 0.7891969922925373 0.06722868722674934 0.14357432048072125 1.0000000000000078
47.04704704704705 0.8072407678325669 0.08728385741008361 0.10547537475735785 1.0000000000000084
48.04804804804805 0.82513903200512 0.09361022412747085 0.08125074386741792 1.0000000000000087
49.04904904904905 0.8336140212263349 0.0837535810779678 0.08263239769570672 1.0000000000000093
50.050050050050054 0.8270877945522102 0.061356544947738095 0.11155566050006156 1.0000000000000098
51.051051051051054 0.8058282869765806 0.035071548929934575 0.15910016409349492 1.0000000000000102
52.052052052052055 0.7758028119874675 0.015479812191510458 0.20871737582103222 1.0000000000000102
53.053053053053056 0.7463124774931571 0.011106998066995338 0.24258052443985778 1.0000000000000102
54.054054054054056 0.7263456003263158 0.02503625166631085 0.24861814800738388 1.0000000000000104
55.05505505505506 0.7210808343413134 0.05346386420337947 0.2254553014553181 1.000000000000011
56.056056056056065 0.7299017608581165 0.08685312326483723 0.18324511587705775 1.0000000000000115
57.057057057057065 0.7466850651680839 0.11336129462584507 0.1399536402060833 1.0000000000000122
58.058058058058066 0.7622320083175932 0.12331340511430897 0.11445458656811044 1.0000000000000127
59.05905905905907 0.7678781436391325 0.11303189739727551 0.11908995896360525 1.0000000000000133
60.06006006006007 0.7588644648392533 0.08650604731089134 0.1546294878498693 1.000000000000014
61.06106106106107 0.7361577617771673 0.05416009894044529 0.20968213928240148 1.000000000000014
62.06206206206207 0.7060236931904402 0.029077550865784074 0.2648987559437897 1.000000000000014
63.06306306306307 0.6775385143444803 0.022044788806143172 0.30041669684939104 1.0000000000000144
64.06406406406407 0.6590278711064156 0.0372926051961234 0.30367952369747586 1.0000000000000149
65.06506506506507 0.6548309716822751 0.07061708353946075 0.2745519447782794 1.000000000000015
66.06606606606607 0.6636490566108033 0.11070019434071159 0.22565074904850072 1.0000000000000155
67.06706706706707 0.679107555856645 0.14323589997536704 0.17765654416800417 1.0000000000000162
68.06806806806807 0.6922917603057942 0.15636090532807898 0.151347334366144 1.0000000000000173
69.06906906906907 0.695247962391242 0.1453270590478109 0.1594249785609647 1.0000000000000175
70.07007007007007 0.6840748203546178 0.11457445993643665 0.20135071970896382 1.0000000000000182
71.07107107107107 0.6604029257977502 0.07631192841765677 0.2632851457846114 1.0000000000000182
72.07207207207207 0.630701501788483 0.04604000024268597 0.32325849796884937 1.0000000000000184
73.07307307307308 0.6037049994661405 0.03665532360545918 0.35963967692841875 1.0000000000000184
74.07407407407408 0.586983435945092 0.05338023039084827 0.35963633366407866 1.0000000000000189
75.07507507507508 0.5840041419475742 0.09151160798790559 0.3244842500645398 1.0000000000000195
76.07607607607608 0.592826635792267 0.1379489978164413 0.2692243663913119 1.0000000000000202
77.07707707707708 0.6069224241457962 0.17602185005401766 0.21705572580020688 1.0000000000000207
78.07807807807808 0.6177762259686559 0.19183914616586512 0.1903846278655003 1.0000000000000213
79.07907907907908 0.6182329103902136 0.17974103500766944 0.20202605460213904 1.000000000000022
80.08008008008008 0.6052745000153517 0.14471182509425431 0.2500136748904166 1.0000000000000226
81.0810810810811 0.5811490253385831 0.10073429939216152 0.3181166752692781 1.0000000000000226
82.0820820820821 0.5524293981272452 0.0656140482592926 0.38195655361348546 1.0000000000000233
83.0830830830831 0.5273944708818852 0.054187938462107364 0.4184175906560305 1.000000000000023
84.0840840840841 0.5127758468627588 0.07250896188067586 0.41471519125658907 1.0000000000000238
85.0850850850851 0.511149710591236 0.11528766270878514 0.37356262670000295 1.000000000000024
86.0860860860861 0.5199854078176436 0.16766376126953322 0.31235083091284777 1.0000000000000244
87.0870870870871 0.5327022045106604 0.21072720867625094 0.2565705868131141 1.0000000000000255
88.0880880880881 0.5412956702686156 0.22873827387622708 0.2299660558551834 1.0000000000000262
89.0890890890891 0.5394863429124979 0.215287713628668 0.24522594345886056 1.0000000000000264
90.0900900900901 0.5251520418950404 0.17598458966767264 0.2988633684373139 1.0000000000000269
91.0910910910911 0.5011013444643206 0.1265510708772297 0.3723475846584768 1.000000000000027
92.0920920920921 0.47390736993101945 0.08696021615619617 0.4391324139128117 1.0000000000000273
93.0930930930931 0.4512843433983886 0.07380189395361113 0.47491376264802776 1.0000000000000275
94.0940940940941 0.43905393449026014 0.09379683508695823 0.46714923042280987 1.0000000000000282
95.0950950950951 0.43889522181154506 0.14099589784654562 0.4201088803419379 1.0000000000000286
96.0960960960961 0.4477490031919158 0.19882572064204473 0.3534252761660688 1.0000000000000293
97.0970970970971 0.45908682054455324 0.24628667952462663 0.2946264999308503 1.0000000000000302
98.0980980980981 0.4655209666251215 0.26598523510239475 0.268493798272514 1.0000000000000302
99.0990990990991 0.4617129868438317 0.250925742996744 0.28736127015945545 1.000000000000031
100.10010010010011 0.44643562147670157 0.2074078619959909 0.346156516527339 1.0000000000000315
101.10110110110111 0.4229915145677141 0.15283436644402518 0.4241741189882924 1.0000000000000315
102.10210210210211 0.39784845757816967 0.1091840707328896 0.4929674716889726 1.000000000000032
103.10310310310311 0.3780533325045912 0.09459806859682732 0.5273485988986137 1.0000000000000324
104.10410410410411 0.3684585527484529 0.11630258254517176 0.5152388647064078 1.0000000000000324
105.10510510510511 0.369853389843614 0.16763098423150105 0.462515625924918 1.000000000000033
106.10610610610611 0.3787207832006172 0.2303677649403261 0.3909114518590904 1.0000000000000338
107.10710710710711 0.388690334194102 0.2815969186695457 0.32971274713638643 1.0000000000000342
108.10810810810811 0.39308987978056015 0.30247919199168766 0.30443092822778706 1.0000000000000349
109.10910910910911 0.38757471896386303 0.28559351854918796 0.32683176248698426 1.0000000000000353
110.11011011011011 0.37179848319204606 0.23797968188411775 0.3902218349238718 1.0000000000000355
111.11111111111111 0.3494829036879648 0.17863818593271974 0.4718789103793512 1.0000000000000357
112.11211211211213 0.326884444854921 0.13136955749421914 0.5417459976508956 1.0000000000000357
113.11311311311313 0.3102877061905794 0.11565255788898646 0.5740597359204707 1.0000000000000364
114.11411411411413 0.3035294773855736 0.13905998748044351 0.5574105351340195 1.0000000000000366
115.11511511511513 0.306529534830997 0.19416695630324227 0.49930350886579816 1.0000000000000375
116.11611611611613 0.3153915649150078 0.26121065231217017 0.42339778277285994 1.000000000000038
117.11711711711713 0.32400868414764755 0.3155531984806601 0.36043811737173054 1.0000000000000382
118.11811811811813 0.3265146365109967 0.3371280635778733 0.33635729991116864 1.0000000000000386
119.11911911911913 0.31959796736517443 0.3182451076200628 0.36215692501480196 1.0000000000000393
120.12012012012013 0.30376636402836227 0.2667161005669605 0.4295175354047166 1.0000000000000395
121.12112112112113 0.28307838395048324 0.20303276425264047 0.513888851796916 1.0000000000000397
122.12212212212214 0.26347430742056677 0.15261305830138655 0.5839126342780863 1.0000000000000395
123.12312312312314 0.2503906462623467 0.1360509755969837 0.6135583781407096 1.00000000000004
124.12412412412414 0.24661572730125395 0.16111287746833872 0.5922713952304478 1.0000000000000404
125.12512512512514 0.2512327204325972 0.21959306850809654 0.5291742110593474 1.000000000000041
126.12612612612614 0.26005130983413877 0.29029954946052694 0.44964914070537537 1.000000000000041
127.12712712712714 0.26733165624955235 0.3470861672796134 0.385582176470876 1.0000000000000417
128.12812812812814 0.26809402363871077 0.3688849387767653 0.36302103758456583 1.0000000000000417
129.12912912912915 0.26008597147377566 0.3478858645250376 0.39202816400122925 1.0000000000000426
130.13013013013014 0.24463013727347993 0.29268583576000556 0.4626840269665569 1.0000000000000424
131.13113113113116 0.2260336924629315 0.2251384520293802 0.5488278555077309 1.0000000000000426
132.13213213213214 0.2098186159805715 0.1720569518011778 0.6181244322182934 1.0000000000000426
133.13313313313316 0.2004978937183858 0.1549222313534708 0.6445798749281864 1.000000000000043
134.13413413413414 0.19979245938964701 0.18154952190991586 0.6186580187004803 1.000000000000043
135.13513513513516 0.20599372146531958 0.24294891666623736 0.5510573618684869 1.0000000000000437
136.13613613613614 0.21470788524408546 0.3166396368869423 0.46865247786901654 1.0000000000000444
137.13713713713716 0.22066217911315375 0.3751974454794826 0.4041403754074082 1.0000000000000444
138.13813813813815 0.21983309227850903 0.39678310856640064 0.3833837991551352 1.0000000000000449
139.13913913913916 0.2110389642907188 0.37360649725000317 0.4153545384593229 1.0000000000000449
140.14014014014015 0.19636672089217866 0.3150432786454466 0.48859000046241957 1.0000000000000449
141.14114114114116 0.18027940556407776 0.24415790791653472 0.5755626865194325 1.000000000000045
142.14214214214215 0.1677828840855497 0.18892147278519336 0.6432956431293025 1.0000000000000457
143.14314314314316 0.16240263454926665 0.17147057939591384 0.666126786054865 1.0000000000000455
144.14414414414415 0.16478735893466653 0.19953522137872834 0.6356774196866509 1.0000000000000457
145.14514514514516 0.172492711217626 0.2633576046447084 0.5641496841377118 1.0000000000000462
146.14614614614615 0.18101575899161448 0.33932955669606185 0.4796546843123699 1.0000000000000462
147.14714714714717 0.1856457799071031 0.3989928390470806 0.41536138104586295 1.0000000000000466
148.14814814814815 0.18337327886678328 0.41996851070535973 0.39665821042790367 1.0000000000000466
149.14914914914917 0.1740850614469448 0.3946143975623635 0.4313005409907386 1.0000000000000469
150.15015015015015 0.1605710050256095 0.3330586843717159 0.5063703106027216 1.000000000000047
151.15115115115117 0.14735424531556784 0.2594054502035929 0.593240304480886 1.0000000000000469
152.15215215215215 0.1388325387850841 0.20253372709580209 0.658633734119161 1.000000000000047
153.15315315315317 0.13749226053775848 0.18500479658563757 0.6775029428766514 1.0000000000000475
154.15415415415416 0.14291911637616783 0.21434194375655125 0.6427389398673283 1.0000000000000475
155.15515515515517 0.1519992179461428 0.2800558080544386 0.5679449739994663 1.0000000000000477
156.15615615615616 0.16021713955637434 0.3575915564121335 0.4821913040315402 1.000000000000048
157.15715715715717 0.1635126776622931 0.41771203351359953 0.41877528882415543 1.000000000000048
158.15815815815816 0.15993538671169638 0.43772846810862237 0.4023361451797292 1.000000000000048
159.15915915915917 0.15042426525227826 0.41026113869222935 0.4393145960555403 1.000000000000048
160.16016016016016 0.13840116684415324 0.3461444735107529 0.5154543596451421 1.0000000000000482
161.16116116116117 0.12835204108594866 0.2703325139148908 0.6013154449992085 1.000000000000048
162.1621621621622 0.12398178696019346 0.21235281961817346 0.6636653934216811 1.000000000000048
163.16316316316318 0.12669922551852258 0.19496345141201246 0.678337323069513 1.000000000000048
164.1641641641642 0.13505015911900117 0.22537396907092516 0.6395758718101218 1.000000000000048
165.16516516516518 0.14532647039687122 0.2924196980683585 0.5622538315348186 1.0000000000000484
166.1661661661662 0.1530976362942735 0.370797298753105 0.47610506495266997 1.0000000000000484
167.16716716716718 0.15503454694305063 0.4307537535745177 0.41421169948248 1.0000000000000484
168.1681681681682 0.15027741944230205 0.4495157287159181 0.4002068518418283 1.0000000000000484
169.16916916916918 0.14078753133039157 0.4200651754497831 0.43914729321987367 1.0000000000000484
170.1701701701702 0.1305392719986467 0.3538767056051252 0.5155840223962764 1.0000000000000484
171.17117117117118 0.12388419186059266 0.2765482954703268 0.5995675126691283 1.0000000000000477
172.1721721721722 0.12375816521254356 0.21799019072599402 0.6582516440615104 1.000000000000048
173.17317317317318 0.13046772558247377 0.20093536585180102 0.6685969085657731 1.000000000000048
174.1741741741742 0.14155530874718456 0.23218864828181435 0.6262560429710491 1.000000000000048
175.17517517517518 0.15280174802422086 0.2999858358928845 0.5472124160829429 1.0000000000000484
176.1761761761762 0.159958004839568 0.3784884594848173 0.46155353567566276 1.0000000000000482
177.17717717717719 0.1604974689446683 0.43769553031388253 0.4018070007414973 1.0000000000000482
178.1781781781782 0.15466873569788667 0.45496697595784513 0.3903642883443163 1.0000000000000482
179.1791791791792 0.1454123168164653 0.4237289462263914 0.43085873695719107 1.0000000000000477
180.1801801801802 0.13716852663368465 0.3560109528003839 0.5068205205659791 1.0000000000000477
181.1811811811812 0.13405893322093457 0.2778348354160358 0.5881062313630768 1.000000000000047
182.1821821821822 0.13818401366316188 0.21922442643125042 0.6425915599056349 1.000000000000047
183.1831831831832 0.14873737908908183 0.202674543759631 0.6485880771513343 1.000000000000047
184.1841841841842 0.16230747697371456 0.2345115558651779 0.6031809671611545 1.000000000000047
185.1851851851852 0.1742537905784108 0.30246632671564105 0.523279882705995 1.0000000000000469
186.1861861861862 0.18060297777447035 0.3803914179992357 0.439005604226341 1.000000000000047
187.1871871871872 0.17969201811597163 0.4383074047863312 0.3820005770977442 1.000000000000047
188.1881881881882 0.17288142099976933 0.4539151691476587 0.37320340985261874 1.0000000000000469
189.1891891891892 0.16403545098508807 0.4211497690554273 0.41481477995953103 1.0000000000000464
190.1901901901902 0.15796796109800423 0.35249199578500917 0.48954004311703253 1.000000000000046
191.1911911911912 0.15847812572800965 0.2741559848355581 0.567365889436478 1.0000000000000457
192.1921921921922 0.16677552306081983 0.21601000344705015 0.6172144734921758 1.0000000000000457
193.19319319319322 0.180944488413911 0.2001090368457833 0.618946474740351 1.0000000000000453
194.1941941941942 0.19668091740366103 0.2322455157419983 0.5710735668543863 1.0000000000000457
195.19519519519523 0.20901772355256543 0.29975772482196067 0.49122455162551926 1.0000000000000453
196.1961961961962 0.21434758061209006 0.37642555173259074 0.4092268676553645 1.0000000000000453
197.19719719719723 0.21192083021989172 0.43255910658308394 0.3555200631970692 1.0000000000000449
198.1981981981982 0.20419916809746866 0.44639528568703873 0.3494055462155372 1.0000000000000446
199.19919919919923 0.19590356183538354 0.4124241380811002 0.3916723000835605 1.0000000000000442
200.20020020020021 0.19212471652071897 0.34345697907533534 0.46441830440398946 1.0000000000000437
201.20120120120123 0.19625166926708582 0.26565991598152217 0.5380884147514355 1.0000000000000435
202.20220220220222 0.20855939089363001 0.20847964550888573 0.5829609635975272 1.000000000000043
203.20320320320323 0.22604085089119458 0.1933434352875723 0.5806157138212761 1.000000000000043
204.20420420420422 0.24357193559224083 0.22547319785942072 0.5309548665483813 1.0000000000000429
205.20520520520523 0.2559573415883801 0.29194340188848483 0.45209925652317806 1.000000000000043
206.20620620620622 0.2600407189349868 0.36670486873441566 0.3732544123306399 1.0000000000000424
207.20720720720723 0.2560233834606744 0.42062047177777395 0.3233561447615939 1.0000000000000422
208.20820820820822 0.24744334238350446 0.4326432644769037 0.31991339313963374 1.0000000000000417
209.20920920920923 0.23980067687184098 0.3978452549434132 0.3623540681847871 1.0000000000000413
210.21021021021022 0.2383634896761044 0.32923189058417607 0.43240461973976035 1.0000000000000409
211.21121121121124 0.24602903218348923 0.2526750648869317 0.5012959029296197 1.0000000000000406
212.21221221221222 0.26210650720732037 0.19694019404060528 0.5409532987521146 1.0000000000000404
213.21321321321324 0.2825294729163598 0.1826548970029272 0.5348156300807528 1.00000000000004
214.21421421421422 0.3014363484645043 0.21445321087293348 0.484110440662602 1.0000000000000397
215.21521521521524 0.31350398286819353 0.27928932048586214 0.407206696645984 1.0000000000000397
216.21621621621622 0.3161052157287094 0.3515329448100203 0.3323618394613094 1.000000000000039
217.21721721721724 0.3104171194703931 0.4028550984251216 0.286727782104524 1.0000000000000386
218.21821821821823 0.3010153057798044 0.41308818445122586 0.2858965097690077 1.000000000000038
219.21921921921924 0.2940920146412825 0.3778938637850242 0.32801412157373083 1.0000000000000375
220.22022022022023 0.2949920915904736 0.3103214634334236 0.39468644497614 1.0000000000000373
221.22122122122124 0.30604678630836524 0.23569962524876115 0.4582535884429105 1.0000000000000369
222.22222222222223 0.325581496075929 0.18186212661194262 0.4925563773121649 1.0000000000000364
223.22322322322324 0.3485159501234438 0.16848285958637602 0.4830011902902166 1.0000000000000364
224.22422422422426 0.36834239734505697 0.1996098468716495 0.43204775578332943 1.000000000000036
225.22522522522524 0.3797106451230434 0.2622333864810454 0.35805596839594694 1.0000000000000357
226.22622622622626 0.3805928998307674 0.3313913645730994 0.28801573559616855 1.0000000000000353
227.22722722722725 0.3731534567755114 0.37980747142363286 0.2470390718008904 1.0000000000000346
228.22822822822826 0.36295350196183984 0.38833794553868384 0.2487085524995106 1.0000000000000342
229.22922922922925 0.3567824165970208 0.35322269065692424 0.28999489274608864 1.0000000000000338
230.23023023023026 0.35996151215361616 0.28739282796185617 0.3526456598845606 1.0000000000000329
231.23123123123125 0.3741904801492186 0.21538494059413688 0.4104245792566773 1.0000000000000329
232.23223223223226 0.396806384953445 0.16386308250054726 0.4393305325460401 1.0000000000000324
233.23323323323325 0.42177372863637963 0.151412803761029 0.42681346760262356 1.0000000000000322
234.23423423423426 0.4420372771827263 0.1815168588205945 0.3764458639967112 1.000000000000032
235.23523523523525 0.45231945858032513 0.24136877919932698 0.30631176222037965 1.0000000000000318
236.23623623623627 0.45125281725995897 0.30692209132643544 0.2418250914136366 1.000000000000031
237.23723723723725 0.4419867259961978 0.3521840139143783 0.20582926008945443 1.0000000000000306
238.23823823823827 0.4310032879053424 0.3591589434788497 0.209837768615838 1.00000000000003
239.23923923923925 0.4255873564201189 0.3246350099496198 0.24977763363029093 1.0000000000000298
240.24024024024027 0.43093837629464726 0.261253460788372 0.30780816291700935 1.0000000000000286
241.24124124124126 0.44806868215207185 0.19251335763692967 0.3594179602110267 1.0000000000000282
242.24224224224227 0.4733361808296358 0.14368596808313785 0.3829778510872543 1.000000000000028
243.24324324324326 0.49982097679169213 0.13215464900841659 0.368024374199919 1.0000000000000278
244.24424424424427 0.5200249670255265 0.1608758624591801 0.31909917051532094 1.0000000000000275
245.24524524524526 0.5288401617339036 0.21742186899581298 0.2537379692703107 1.0000000000000273
246.24624624624627 0.5256101755641349 0.2789044010627261 0.1954854233731656 1.0000000000000266
247.24724724724726 0.5144536018264393 0.320828731625305 0.16471766654828188 1.0000000000000262
248.24824824824827 0.5026970496685189 0.3264504369745681 0.17085251335693835 1.0000000000000253
249.24924924924926 0.49801402397996186 0.29305806436444287 0.20892791165562005 1.0000000000000246
250.25025025025028 0.5053872447963779 0.23282417794949967 0.2617885772541464 1.000000000000024
251.25125125125126 0.525096601529769 0.16797130021686135 0.3069320982533937 1.000000000000024
252.25225225225228 0.5525437164774065 0.12217240821213547 0.32528387531048175 1.0000000000000238
253.25325325325326 0.5800063904445705 0.1115165533328408 0.3084770562226121 1.0000000000000235
254.25425425425428 0.5996526501421501 0.13849014437139082 0.26185720548648245 1.0000000000000233
255.25525525525526 0.6066368387112928 0.19122552091491465 0.2021376403738152 1.0000000000000226
256.2562562562563 0.6010532534257196 0.24822720370848575 0.15071954286581665 1.000000000000022
257.25725725725727 0.5879602377352868 0.28669430240501514 0.12534545985971915 1.000000000000021
258.2582582582583 0.5754417797297604 0.2912144884442107 0.13334373182604936 1.0000000000000204
259.2592592592593 0.5714496290645745 0.2595122437483859 0.1690381271870597 1.0000000000000202
260.2602602602603 0.5806598696806373 0.2031080935198981 0.21623203679948438 1.0000000000000198
261.26126126126127 0.6025863605339355 0.14271849336494924 0.25469514610113464 1.0000000000000195
262.2622622622623 0.6317108066499767 0.10023247635937647 0.268056716990666 1.000000000000019
263.2632632632633 0.6596009422260708 0.09037505315124729 0.25002400462270075 1.0000000000000189
264.2642642642643 0.6782027103034698 0.1152348201532248 0.20656246954332386 1.0000000000000184
265.26526526526527 0.6830198858222502 0.163688743772011 0.15329137040575702 1.0000000000000182
266.2662662662663 0.6749252268604351 0.21585773347932555 0.10921703966025686 1.0000000000000175
267.2672672672673 0.6598740382706686 0.2508096191624161 0.08931634256693172 1.0000000000000164
268.2682682682683 0.646611031724224 0.25452251178757124 0.09886645648822084 1.000000000000016
269.2692692692693 0.6432538181751184 0.2250770756017432 0.13166910622315442 1.000000000000016
270.2702702702703 0.6540882722944398 0.1731566076244138 0.1727551200811617 1.0000000000000153
271.2712712712713 0.6778407608847509 0.11775440485837245 0.20440483425689154 1.0000000000000149
272.2722722722723 0.7081225341753874 0.07881177023824393 0.2130656955863835 1.0000000000000149
273.2732732732733 0.7358923768690536 0.06964261028451797 0.19446501284644302 1.0000000000000147
274.2742742742743 0.752987094221137 0.09202441534682475 0.1549884904320524 1.000000000000014
275.2752752752753 0.7553399898278321 0.1357637706609456 0.10889623951123592 1.0000000000000135
276.2762762762763 0.7446176893033475 0.1828077143554516 0.07257459634121438 1.0000000000000135
277.2772772772773 0.727616840350063 0.21424491512695581 0.058138244522993966 1.0000000000000127
278.2782782782783 0.7136380152234735 0.21747957680855318 0.06888240796798543 1.0000000000000122
279.2792792792793 0.7108519548655559 0.19085519107840876 0.09829285405604687 1.0000000000000115
280.2802802802803 0.723078380207241 0.14403359335020213 0.13288802644256803 1.000000000000011
281.2812812812813 0.748247266434175 0.09408307224341256 0.157669661322423 1.0000000000000107
282.2822822822823 0.7791613771890888 0.058856996107651195 0.1619816267032706 1.0000000000000107
283.2832832832833 0.8062791582592084 0.05023372633416221 0.14348711540663986 1.0000000000000104
284.2842842842843 0.8214407458911728 0.06977903256742288 0.1087802215414148 1.0000000000000104
285.2852852852853 0.8210808280777 0.10841174515811804 0.07050742676419201 1.00000000000001
286.2862862862863 0.8076625818216231 0.1500981919175655 0.04223922626082084 1.0000000000000093
287.2872872872873 0.7887562247308095 0.17807568159045056 0.033168093678748546 1.0000000000000087
288.2882882882883 0.7741065536459638 0.18118769621122136 0.044705750142823006 1.0000000000000082
289.28928928928934 0.7718259853017534 0.15793550095324338 0.07023851374501114 1.000000000000008
290.29029029029033 0.7852009413899714 0.11677901704412583 0.09802004156591036 1.0000000000000075
291.2912912912913 0.8113689182239868 0.07267754314605752 0.11595353862996309 1.0000000000000075
292.2922922922923 0.8423978950372539 0.04128128058479665 0.11632082437795664 1.000000000000007
293.29329329329335 0.8683605925783499 0.033030837056445786 0.09860857036521124 1.0000000000000069
294.29429429429433 0.8812108495797425 0.04939031783444686 0.06939883258581768 1.000000000000007
295.2952952952953 0.8779472434913174 0.08256823429283715 0.039484522215852115 1.0000000000000067
296.2962962962963 0.8618193037891666 0.11872426616717692 0.01945643004366232 1.0000000000000058
297.29729729729735 0.8410917437370413 0.14334662728951258 0.01556162897345129 1.000000000000005
298.29829829829833 0.8258367038525248 0.14670935476367056 0.027453941383809206 1.0000000000000047
299.2992992992993 0.8239996969024632 0.12735684385630572 0.04864345924123561 1.0000000000000047
300.3003003003003 0.8382765314762651 0.09237324852978897 0.0693502199939498 1.000000000000004
301.30130130130135 0.8650290070931556 0.054445173612135404 0.08052581929471339 1.0000000000000044
302.30230230230234 0.8956748114425197 0.026930441551579507 0.07739474700590493 1.0000000000000042
303.3033033033033 0.9200199851411262 0.018851208831331727 0.0611288060275465 1.0000000000000044
304.3043043043043 0.9302387633524426 0.031688445795528375 0.03807279085203316 1.000000000000004
305.30530530530535 0.923945803932748 0.05910979307584596 0.016944402991409695 1.0000000000000038
306.30630630630634 0.9051539417331048 0.08962096002118396 0.005225098245714255 1.0000000000000029
307.3073073073073 0.8827330290171322 0.11103692401841325 0.006230046964457158 1.0000000000000027
308.3083083083083 0.8669620238183934 0.11503253015366 0.018005446027949183 1.0000000000000027
309.30930930930936 0.8655153760655334 0.10007335309141917 0.03441127084304954 1.0000000000000022
310.31031031031034 0.8804516787677346 0.07170329609320757 0.04784502513905988 1.000000000000002
311.31131131131133 0.9073865490483003 0.040195002579160435 0.05241844837254093 1.0000000000000016
312.3123123123123 0.9371815651012259 0.01655141913892862 0.04626701575984709 1.0000000000000016
313.31331331331336 0.9594979316263993 0.00841602560961597 0.03208604276398682 1.000000000000002
314.31431431431434 0.9668317793267154 0.017411307075402598 0.015756913597883768 1.0000000000000018
315.31531531531533 0.9574549203934767 0.038822765929586917 0.0037223136769379086 1.0000000000000016
316.3163163163163 0.936107828874674 0.06363141496576193 0.0002607561595653246 1.0000000000000013
317.31731731731736 0.9121670273960089 0.08202793513073114 0.00580503747326038 1.0000000000000004
318.31831831831835 0.8959957683892252 0.08703840161547913 0.01696582999529588 1.0000000000000002
319.31931931931933 0.894899174109911 0.07692272911576382 0.02817809677432523 1.0
320.3203203203203 0.910263444692549 0.055532136389087036 0.034204418918364086 1.0000000000000002
321.32132132132136 0.9369999320075343 0.030608351263850062 0.03239171672861616 1.0000000000000004
322.32232232232235 0.9655167318604224 0.010763994842750499 0.02371927329682761 1.0000000000000004
323.32332332332334 0.9854531888683811 0.0023227789705488012 0.012224032161070686 1.0000000000000004
324.3243243243244 0.9897222013369036 0.007177002680678607 0.0031007959824183575 1.0000000000000004
325.32532532532537 0.9772820623022132 0.022375429165664745 0.00034250853212268917 1.0000000000000004
326.32632632632635 0.9535530205288618 0.04147852044401955 0.004968459027118505 0.9999999999999999
327.32732732732734 0.92831199381442 0.057074534014909514 0.01461347217067004 0.9999999999999994
328.3283283283284 0.9118836822229786 0.06347284747693124 0.024643470300089548 0.9999999999999993
329.32932932932937 0.911112888032141 0.05859850431757565 0.030288607650282462 0.9999999999999991
330.33033033033036 0.926690203666818 0.04447220393489158 0.028837592398289903 0.9999999999999994
331.33133133133134 0.9528765179146174 0.02621368662979222 0.020909795455589845 0.9999999999999993
332.3323323323324 0.9797361473033844 0.010036814080163735 0.010227038616451939 1.0000000000000002
333.33333333333337 0.9970090041491687 0.0010219587750589924 0.001969037075772523 1.0000000000000002
334.33433433433436 0.9981116730522617 0.001460633008355105 0.0004276939393832555 1.0
335.33533533533534 0.982706058504204 0.010294458595480744 0.00699948290031501 0.9999999999999998
336.3363363363364 0.9568327279614244 0.023740959959570596 0.01942631207900443 0.9999999999999994
337.3373373373374 0.9305563345673011 0.03678099158900881 0.032662673843689344 0.9999999999999993
338.33833833833836 0.9140415299437467 0.04492269969412988 0.04103577036212262 0.9999999999999991
339.33933933933935 0.9135903405340504 0.04562724858706224 0.040782410878886524 0.9999999999999992
340.3403403403404 0.9291868514827321 0.03896396223883353 0.031849186278433826 0.9999999999999993
341.3413413413414 0.954506477031016 0.02736664196946399 0.01812688099951949 0.9999999999999996
342.34234234234236 0.9793850590792905 0.014668578849523828 0.005946362071185596 0.9999999999999999
343.34334334334335 0.9937832898474899 0.004798891383223731 0.0014178187692866172 1.0000000000000002
344.3443443443444 0.9916992043110333 0.000576216677071935 0.007724579011895015 1.0000000000000002
345.3453453453454 0.9735029932496844 0.002946551690302415 0.023550455060013648 1.0000000000000004
346.34634634634637 0.9457852795170548 0.010834498983420966 0.0433802214995243 1.0
347.34734734734735 0.9187809252992608 0.021582249871920037 0.05963682482881865 0.9999999999999994
348.3483483483484 0.9023760397709375 0.03179755687536053 0.06582640335370182 0.9999999999999999
349.3493493493494 0.9022570852574144 0.03835149314367431 0.05939142159891116 0.9999999999999999
350.35035035035037 0.9177032184356249 0.0392603037989092 0.04303647776546631 1.0000000000000004
351.35135135135135 0.941879684172082 0.0342359100645268 0.023884405763391733 1.0000000000000004
352.3523523523524 0.9645131971192602 0.02477509778904214 0.010711705091698708 1.000000000000001
353.3533533533534 0.9759015945766756 0.013761391791290612 0.010337013632034844 1.000000000000001
354.35435435435437 0.970691912526635 0.004664392491420865 0.024643694981945647 1.0000000000000016
355.3553553553554 0.9499547796815008 0.000525849893727355 0.049519370424772946 1.000000000000001
356.3563563563564 0.9207507544056371 0.002999153132588644 0.07625009246177587 1.0000000000000018
357.3573573573574 0.8933641078692456 0.01173120845452405 0.09490468367623141 1.000000000000001
358.3583583583584 0.8772885196294993 0.0243177630762855 0.09839371729421674 1.0000000000000016
359.3593593593594 0.8775327492648338 0.036918952120133665 0.085548298615034 1.0000000000000016
360.3603603603604 0.8926850532149847 0.04541732528883251 0.06189762149618478 1.000000000000002
361.3613613613614 0.915485100381121 0.046795521552163113 0.03771937806671825 1.0000000000000024
362.3623623623624 0.935672247420286 0.040282677094959585 0.02404507548475711 1.0000000000000027
363.3633633633634 0.9439924228447805 0.02783369166588674 0.02817388548933618 1.0000000000000033
364.3643643643644 0.9357980995771806 0.013686352767838538 0.05051554765498449 1.0000000000000038
365.3653653653654 0.9128400987604445 0.0030476002208400976 0.08411230101871876 1.0000000000000033
366.3663663663664 0.8825600412735345 0.00029266632809332054 0.1171472923983755 1.0000000000000033
367.3673673673674 0.8551691779419717 0.007292438901446599 0.13753838315658515 1.0000000000000033
368.3683683683684 0.8396610135558816 0.022508944571926825 0.13783004187219505 1.0000000000000036
369.3693693693694 0.8403159349730999 0.04127840340873946 0.11840566161816463 1.000000000000004
370.3703703703704 0.8550575554394054 0.057291804201377104 0.08765064035922193 1.0000000000000044
371.3713713713714 0.8762926772266619 0.06482380008572039 0.05888352268762245 1.0000000000000049
372.3723723723724 0.8938958304312756 0.06092811458181716 0.04517605498691235 1.000000000000005
373.3733733733734 0.8991650717664963 0.046756884282446703 0.05407804395106281 1.0000000000000058
374.3743743743744 0.8882029014927049 0.027424235218390262 0.08437286328891111 1.0000000000000062
375.3753753753754 0.863408008123408 0.010348273437284675 0.12624371843931345 1.0000000000000062
376.3763763763764 0.8325066893428688 0.0025905050920913696 0.16490280556504608 1.0000000000000062
377.3773773773774 0.8055147896966073 0.008142516198190964 0.18634269410520796 1.0000000000000062
378.3783783783784 0.7908254797365698 0.026203268396163073 0.18297125186727348 1.0000000000000062
379.37937937937943 0.7919522165734393 0.05118235984441524 0.15686542358215233 1.0000000000000069
380.3803803803804 0.8061920471597642 0.07454547170895114 0.11926248113129191 1.0000000000000073
381.3813813813814 0.8257184330641962 0.08790905433815198 0.08637251259765995 1.0000000000000082
382.3823823823824 0.8406626966999353 0.0862653283789578 0.07307197492111538 1.0000000000000084
383.38338338338343 0.8429707638806219 0.07009589756972726 0.08693333854965984 1.0000000000000089
384.3843843843844 0.8295273569218564 0.04548797139129921 0.12498467168685377 1.0000000000000093
385.3853853853854 0.8033351314536611 0.02209212671912851 0.1745727418272198 1.0000000000000093
386.38638638638645 0.7723025229070453 0.00959234467792113 0.21810513241504306 1.0000000000000095
387.38738738738743 0.7461293038190489 0.013976924244454958 0.239893771936506 1.0000000000000098
388.3883883883884 0.7325170682315587 0.03504735266771179 0.23243557910073948 1.00000000000001
389.3893893893894 0.7341863599669468 0.06619642696041578 0.19961721307264776 1.0000000000000102
390.39039039039045 0.7478569652177542 0.09665594158558448 0.15548709319667225 1.0000000000000109
391.39139139139144 0.765573939780259 0.11546183293239581 0.11896422728735707 1.0000000000000118
392.3923923923924 0.7778444389285647 0.11567841943565935 0.1064771416357886 1.0000000000000127
393.3933933933934 0.7773484383184225 0.09725277589635976 0.12539878578523056 1.0000000000000129
394.39439439439445 0.7617723194962785 0.06732836037837132 0.17089932012536344 1.0000000000000133
395.39539539539544 0.7346679133359865 0.037783969835639315 0.2275481168283877 1.0000000000000135
396.3963963963964 0.7040185591981416 0.020834793449655397 0.27514664735221656 1.0000000000000135
397.3973973973974 0.6790906689324556 0.024323262218246627 0.2965860688493118 1.0000000000000142
398.39839839839846 0.6668131354123803 0.04851652775618425 0.28467033683144943 1.000000000000014
399.39939939939944 0.6691004495694683 0.08571501248691259 0.24518453794363365 1.0000000000000147
400.40040040040043 0.6821549062927935 0.1229339248949333 0.1949111688122884 1.000000000000015
401.4014014014014 0.6980020040999007 0.1467333401585129 0.15526465574160248 1.000000000000016
402.40240240240246 0.7076395604159397 0.1484007412894346 0.14395969829464247 1.0000000000000167
403.40340340340344 0.7045570980268944 0.12748582801381875 0.16795707395930415 1.0000000000000173
404.40440440440443 0.6872491685529699 0.09225591519928353 0.2204949162477638 1.0000000000000173
405.4054054054054 0.6597519471634055 0.05678767363651015 0.2834603792001018 1.0000000000000173
406.40640640640646 0.6300132851444116 0.035709881899838335 0.334276832955768 1.000000000000018
407.40740740740745 0.6067539350424072 0.03856025845877411 0.3546858064988368 1.000000000000018
408.40840840840843 0.5960601337729852 0.06593492724265236 0.33800493898438116 1.0000000000000187
409.4094094094094 0.599040100555396 0.10898283351579315 0.2919770659288299 1.000000000000019
410.41041041041046 0.6114479455235641 0.15254614280114284 0.23600591167531298 1.00000000000002
411.41141141141145 0.6254008103847616 0.18083939582219805 0.19375979379306071 1.0000000000000202
412.41241241241244 0.6324962161089266 0.18353933934954486 0.1839644445415497 1.0000000000000213
413.4134134134134 0.6270970797463797 0.1599339905468134 0.2129689297068285 1.0000000000000215
414.41441441441447 0.6084997337026622 0.11946482376232015 0.2720354425350396 1.000000000000022
415.41541541541545 0.5811508361565995 0.07834975572378483 0.3404994081196378 1.000000000000022
416.41641641641644 0.5528507922451534 0.053488639646607494 0.3936605681082615 1.0000000000000224
417.4174174174175 0.531668932594188 0.055941896044221416 0.4123891713616132 1.0000000000000226
418.41841841841847 0.5227909424505803 0.08650068607085963 0.39070837147858317 1.000000000000023
419.41941941941946 0.526531353844702 0.13512146745814257 0.33834717869717895 1.0000000000000235
420.42042042042044 0.538273860612775 0.18454315287346237 0.27718298651378676 1.0000000000000242
421.4214214214215 0.5503391950744674 0.21678912925723626 0.23287167566832134 1.0000000000000249
422.42242242242247 0.5550263374925118 0.22010393267023942 0.22486972983727427 1.0000000000000255
423.42342342342346 0.547622999574632 0.1936455709212574 0.2587314295041364 1.0000000000000258
424.42442442442444 0.5282082253159593 0.14806118382982902 0.323730590854238 1.0000000000000264
425.4254254254255 0.501557414106351 0.10162719783181373 0.3968153880618618 1.0000000000000266
426.4264264264265 0.47521162514943704 0.07334890481504068 0.4514394700355492 1.0000000000000269
427.42742742742746 0.45649099709411467 0.07562577655265787 0.4678832263532549 1.0000000000000275
428.42842842842845 0.4496355405478518 0.10931534728843345 0.44104911216374243 1.0000000000000275
429.4294294294295 0.4541911787033738 0.1631600195225597 0.3826488017740948 1.0000000000000282
430.4304304304305 0.46525621191379585 0.21789113449175324 0.3168526535944796 1.0000000000000286
431.43143143143146 0.4754660324192303 0.25351743218254974 0.2710165353982494 1.0000000000000295
432.43243243243245 0.4779141524994778 0.2570394504829831 0.26504639701756944 1.0000000000000302
433.4334334334335 0.46885141671969616 0.2276103771821776 0.3035382060981568 1.0000000000000306
434.4344344344345 0.4491082419646582 0.1770945184265665 0.37379723960880606 1.0000000000000306
435.43543543543547 0.42370042021375304 0.1257184989826842 0.4505810808035938 1.000000000000031
436.43643643643645 0.3997994560348496 0.09440636166247636 0.5057941823027052 1.000000000000031
437.4374374374375 0.3838878647760789 0.09670470179512843 0.5194074334288242 1.0000000000000315
438.4384384384385 0.3792281603524008 0.1334164344648827 0.48735540518274895 1.0000000000000324
439.43943943943947 0.38463473273315796 0.19206883846773823 0.42329642879913654 1.0000000000000329
440.44044044044045 0.39501144399466315 0.2515065423284953 0.3534820136768749 1.0000000000000333
441.4414414414415 0.40341691608983543 0.2899200634768078 0.30666302043339044 1.0000000000000338
442.4424424424425 0.40382230604147684 0.2932610092757917 0.302916684682766 1.0000000000000346
443.44344344344347 0.3934664413273169 0.26079412030415616 0.34573943836856164 1.0000000000000346
444.44444444444446 0.37388809744670215 0.20559146002916742 0.4205204425241656 1.000000000000035
445.4454454454455 0.3502498820005868 0.14969685323477594 0.5000532647646724 1.000000000000035
446.4464464464465 0.3292468445378369 0.11574768936320289 0.5550054660989956 1.0000000000000355
447.4474474474475 0.31644600086782754 0.11824034271344457 0.5653136564187636 1.0000000000000357
448.4484484484485 0.314114182546904 0.1578120392529671 0.5280737782001653 1.0000000000000364
449.4494494494495 0.32038264337855543 0.22079510872060323 0.45882224790087806 1.0000000000000366
450.4504504504505 0.330056278051254 0.2842924381383868 0.3856512838103964 1.0000000000000373
451.4514514514515 0.33672141447585396 0.3248902056869543 0.3383883798372296 1.0000000000000377
452.4524524524525 0.33529886886786164 0.32769012841019657 0.33701100272198004 1.0000000000000382
453.4534534534535 0.3240265826713086 0.29217389165057883 0.38379952567815095 1.0000000000000384
454.4544544544545 0.30509776824045665 0.23259041285030657 0.46231181890927564 1.0000000000000389
455.4554554554555 0.2837245060967499 0.17264426486571427 0.5436312290375749 1.000000000000039
456.4564564564565 0.2660233765955377 0.13646463148035398 0.5975119919241475 1.000000000000039
457.4574574574575 0.25657964383469967 0.13929779398518358 0.6041225621801563 1.0000000000000395
458.4584584584585 0.2566600460894248 0.1815162063549811 0.5618237475556341 1.00000000000004
459.4594594594595 0.26377157486165415 0.2482990841864455 0.48792934095194107 1.0000000000000409
460.4604604604605 0.2727186536656943 0.31517525366008786 0.4121060926742587 1.0000000000000409
461.4614614614615 0.2777141557477609 0.3573552214529874 0.3649306227992931 1.0000000000000413
462.4624624624625 0.27468848940162255 0.35929093625976427 0.366020574338655 1.0000000000000417
463.4634634634635 0.26287608907248433 0.32077347715111165 0.4163504337764458 1.0000000000000417
464.4644644644645 0.24506070504739197 0.2571759653967414 0.49776332955590874 1.0000000000000422
465.4654654654655 0.22640430716871274 0.19368537981360762 0.5799103130177218 1.0000000000000422
466.4664664664665 0.21234939391802948 0.15568776438653378 0.6319628416954793 1.0000000000000426
467.4674674674675 0.2064457557586492 0.15897978461426124 0.6345744596271322 1.0000000000000426
468.46846846846853 0.20896934122538977 0.2035838736687242 0.5874467851059291 1.000000000000043
469.4694694694695 0.21687122966788155 0.2735897093633152 0.5095390609688466 1.0000000000000435
470.4704704704705 0.22505535316886574 0.34314072331678463 0.4318039235143933 1.0000000000000437
471.4714714714715 0.2284528628518352 0.3863123498370584 0.38523478731115074 1.0000000000000444
472.47247247247253 0.22405079616766158 0.38710511628867056 0.3888440875437125 1.0000000000000446
473.4734734734735 0.2120638722603018 0.3456972720277699 0.44223885571197313 1.0000000000000449
474.4744744744745 0.19579358150148307 0.27851183157944887 0.5256945869191129 1.0000000000000449
475.4754754754755 0.18025152275647846 0.21201982135396708 0.6077286558895993 1.0000000000000449
476.47647647647653 0.1701183317566092 0.1726187548319658 0.6572629134114699 1.0000000000000449
477.4774774774775 0.16786786398356301 0.17645932985858567 0.6556728061578964 1.000000000000045
478.4784784784785 0.17280803870114192 0.2231441444278085 0.6040478168710952 1.0000000000000457
479.4794794794795 0.18141070836593584 0.29575839735886555 0.5228308942752445 1.000000000000046
480.48048048048054 0.18877920666873838 0.367267755070699 0.44395303826060917 1.0000000000000466
481.4814814814815 0.19064621331305473 0.41086211809433754 0.3984916685926543 1.0000000000000466
482.4824824824825 0.1850889025974971 0.4102843834950883 0.4046267139074613 1.0000000000000466
483.48348348348355 0.1732728420870958 0.3661616054817692 0.46056555243118175 1.0000000000000469
484.48448448448454 0.15893677512555981 0.29587114781431273 0.5451920770601743 1.0000000000000469
485.4854854854855 0.14684257271472476 0.22695187000544478 0.6262055572798775 1.000000000000047
486.4864864864865 0.140830382937418 0.18655995156341937 0.6726096654992092 1.0000000000000466
487.48748748748756 0.14227146948086963 0.19100966768440023 0.6667188628347772 1.000000000000047
488.48848848848854 0.14954148921144358 0.23943072999850154 0.6110277807901019 1.000000000000047
489.48948948948953 0.1587168235452723 0.3140098012147234 0.5272733752400519 1.0000000000000475
490.4904904904905 0.1651984389046945 0.38675908019166105 0.4480424809036923 1.0000000000000477
491.49149149149156 0.1655940526619512 0.43023832249121857 0.4041676248468784 1.0000000000000482
492.49249249249254 0.15909051035462435 0.42811936483074053 0.412790124814683 1.000000000000048
493.49349349349353 0.14776211190994454 0.38152237210820894 0.4707155159818945 1.000000000000048
494.4944944944945 0.1356979999384264 0.30866304408597744 0.555638955975644 1.000000000000048
495.49549549549556 0.1273134364152834 0.23791642072223465 0.6347701428625298 1.0000000000000477
496.49649649649655 0.12553981126294503 0.19694025142792113 0.6775199373091819 1.000000000000048
497.49749749749753 0.13063329388202707 0.20203042146880565 0.6673362846492153 1.000000000000048
498.4984984984985 0.1400854155918096 0.25180850443518954 0.608106079973049 1.0000000000000482
499.49949949949956 0.14966654448845462 0.32768852219786226 0.5226449333137315 1.0000000000000484
500.50050050050055 0.15517029230259746 0.4009676353013228 0.44386207239612807 1.0000000000000484
501.50150150150154 0.15414205562676592 0.443833549656143 0.4020243947171395 1.0000000000000484
502.5025025025025 0.146883664360407 0.44006387970829763 0.4130524559313438 1.0000000000000484
503.50350350350357 0.1363240833912236 0.3912979929241165 0.47237792368470827 1.0000000000000484
504.50450450450455 0.12681104991614478 0.3164545357162345 0.5567344143676689 1.0000000000000482
505.50550550550554 0.12232035234812437 0.2445002812845202 0.6331793663674034 1.000000000000048
506.5065065065065 0.12481776115038264 0.20333631337654137 0.6718459254731239 1.000000000000048
507.50750750750757 0.13344615389902773 0.20906906639640438 0.657484779704616 1.0000000000000482
508.50850850850856 0.14487263066485617 0.2597952512907721 0.5953321180444201 1.0000000000000484
509.50950950950954 0.15465525355283397 0.33630084263364945 0.5090439038135648 1.0000000000000482
510.5105105105105 0.1590705589094845 0.4094177789085299 0.431511662182034 1.0000000000000484
511.51151151151157 0.1566524211977574 0.45121936354163467 0.3921282152606563 1.0000000000000484
512.5125125125126 0.14880869795316048 0.44575377428042395 0.4054375277664637 1.0000000000000482
513.5135135135135 0.1392578977633996 0.3951868894057535 0.4655552128308947 1.0000000000000477
514.5145145145145 0.13251108390121183 0.31898694509743974 0.5485019710013964 1.000000000000048
515.5155155155155 0.13201720964685174 0.24645803985272108 0.6215247505004744 1.000000000000047
516.5165165165166 0.1387318694301718 0.20548835952237313 0.6557797710475025 1.0000000000000475
517.5175175175176 0.15070070581411601 0.2118369451084884 0.6374623490774429 1.0000000000000473
518.5185185185186 0.16383666311142714 0.2630778545979035 0.5730854822907168 1.0000000000000475
519.5195195195196 0.17358194048902895 0.3395307463654258 0.4868873131455928 1.0000000000000475
520.5205205205206 0.17678009487779467 0.41182062455254176 0.4113992805697107 1.000000000000047
521.5215215215215 0.17299162410172905 0.4521604670394018 0.3748479088589163 1.000000000000047
522.5225225225225 0.164707338136614 0.44501965034931906 0.39027301151411364 1.0000000000000466
523.5235235235235 0.15636016703987896 0.3930788432561406 0.45056098970402714 1.0000000000000466
524.5245245245246 0.15252730404010795 0.31618625324836597 0.5312864427115722 1.0000000000000462
525.5255255255256 0.15605041808322062 0.24372192114868038 0.6002276607681447 1.0000000000000457
526.5265265265266 0.16684339849205515 0.20330999505850997 0.629846606449481 1.0000000000000462
527.5275275275276 0.18188471297390438 0.2102192727236507 0.6078960143024906 1.0000000000000457
528.5285285285286 0.19641288154268843 0.2615223833334416 0.5420647351239157 1.0000000000000457
529.5295295295296 0.20585186651861329 0.3372496908646511 0.456898442616781 1.0000000000000453
530.5305305305305 0.20768879445604171 0.4080829773296146 0.38422822821438896 1.0000000000000453
531.5315315315315 0.20253564589185027 0.44662235521983246 0.3508419988883625 1.0000000000000453
532.5325325325326 0.19392933860246925 0.4378930400380851 0.3681776213594903 1.0000000000000446
533.5335335335336 0.1869332933274309 0.38505982617312146 0.428006880499492 1.0000000000000444
534.5345345345346 0.18609327166499412 0.3081669930646778 0.5057397352703722 1.0000000000000442
535.5355355355356 0.19357143261969903 0.23640526294138756 0.5700233044389572 1.0000000000000437
536.5365365365366 0.20822199796577986 0.19689169161505166 0.5948863104192119 1.0000000000000435
537.5375375375376 0.22599987641182773 0.20427878548917863 0.5697213380990369 1.0000000000000433
538.5385385385385 0.24155709384239718 0.2551777350965946 0.5032651710610515 1.0000000000000433
539.5395395395395 0.2503966167685909 0.32951981433123967 0.42008356890021287 1.0000000000000435
540.5405405405406 0.25071688695524835 0.3983095828461917 0.35097353019860233 1.0000000000000424
541.5415415415416 0.24419249478329721 0.43477220182301984 0.3210353033937253 1.0000000000000424
542.5425425425426 0.23535639326002392 0.4246058034101831 0.34003780332983485 1.000000000000042
543.5435435435436 0.22981106851164926 0.37141011028853627 0.3987788211998561 1.0000000000000417
544.5445445445446 0.23197448800654066 0.29522952214954784 0.4727959898439527 1.0000000000000413
545.5455455455456 0.24326649203726472 0.22479946999092265 0.5319340379718533 1.0000000000000409
546.5465465465466 0.2614775862717858 0.18649780402951727 0.5520246096987376 1.0000000000000406
547.5475475475477 0.28159565429864164 0.1942529134916724 0.5241514322097264 1.0000000000000404
548.5485485485486 0.29778098630893896 0.24427273255399432 0.45794628113710695 1.0000000000000402
549.5495495495496 0.305710849115969 0.31659049112677773 0.37769865975729316 1.00000000000004
550.5505505505506 0.30435281141761 0.38279862975689116 0.31284855882553836 1.0000000000000395
551.5515515515516 0.2964412160867019 0.4169729541878178 0.2865858297255193 1.000000000000039
552.5525525525526 0.2874424769300681 0.4055827601921616 0.3069747628778087 1.0000000000000384
553.5535535535536 0.28340064171668006 0.3525957033033952 0.3640036549799628 1.000000000000038
554.5545545545546 0.28851226381005646 0.27785074521003816 0.433636990979943 1.0000000000000377
555.5555555555557 0.30340253003857665 0.20936453341456546 0.48723293654689503 1.000000000000037
556.5565565565566 0.3248082452223867 0.17255722057844178 0.5026345341992088 1.0000000000000373
557.5575575575576 0.34681890139481464 0.18054458807945628 0.47263651052576605 1.0000000000000369
558.5585585585586 0.3632031766174705 0.22920679741999708 0.40759002596256905 1.0000000000000366
559.5595595595596 0.3699044610409976 0.29888838151546415 0.33120715744357443 1.0000000000000362
560.5605605605606 0.36670634106858946 0.3620306809071722 0.2712629780242743 1.000000000000036
561.5615615615616 0.3573860159065933 0.393770846135934 0.2488431379575079 1.000000000000035
562.5625625625626 0.34826918390310946 0.3814278004904883 0.27030301560643705 1.0000000000000349
563.5635635635637 0.3457393692663784 0.32925338450678604 0.3250072462268698 1.0000000000000342
564.5645645645646 0.35368233293847756 0.2566685860572279 0.38964908100432794 1.0000000000000333
565.5655655655656 0.3718876525936902 0.1907134314659803 0.4373989159403628 1.0000000000000333
566.5665665665666 0.39606246132681694 0.15564797335948408 0.44828956531373204 1.000000000000033
567.5675675675676 0.4194776058689252 0.16370702081691507 0.41681537331419255 1.0000000000000329
568.5685685685686 0.43561410683900287 0.21053455322217005 0.3538513399388593 1.0000000000000322
569.5695695695696 0.44076835428994326 0.2770013488058292 0.28223029690425955 1.000000000000032
570.5705705705706 0.43557509352509266 0.3366514355510158 0.2277734709239231 1.0000000000000315
571.5715715715717 0.4248235899931469 0.36587676527125645 0.2092996447356278 1.000000000000031
572.5725725725727 0.41561410940684734 0.3529039447534645 0.2314819458397186 1.0000000000000304
573.5735735735736 0.4145645414466224 0.30216984072717923 0.2832656178262281 1.0000000000000298
574.5745745745746 0.4251661502921347 0.23246072918553623 0.34237312052235835 1.0000000000000293
575.5755755755756 0.44634406689810263 0.16959094493591803 0.3840649881660082 1.0000000000000289
576.5765765765766 0.4728135461333647 0.1364763507325872 0.3907101031340767 1.0000000000000286
577.5775775775776 0.49711650714747824 0.1444230049329772 0.35846048791957336 1.0000000000000289
578.5785785785787 0.5125525168959992 0.1889449218948108 0.29850256120921814 1.0000000000000282
579.5795795795797 0.5158514990117167 0.25165683064436384 0.2324916703439473 1.0000000000000278
580.5805805805807 0.5085220919692349 0.3074489382255462 0.18402896980524616 1.0000000000000273
581.5815815815816 0.496321285876246 0.33414212281235056 0.1695365913114298 1.0000000000000264
582.5825825825826 0.4870298620932623 0.32090803236322285 0.19206210554354075 1.000000000000026
583.5835835835836 0.4873935304060126 0.2722556070359586 0.2403508625580541 1.0000000000000253
584.5845845845846 0.5004323718626323 0.20611835301035814 0.2934492751270343 1.0000000000000249
585.5855855855856 0.5241909129327353 0.1468476191416335 0.32896146792565545 1.0000000000000242
586.5865865865867 0.5524436423719683 0.11585124993440156 0.3317051076936544 1.0000000000000242
587.5875875875877 0.577101962165725 0.12347948480073664 0.2994185530335624 1.000000000000024
588.5885885885887 0.5913908319393681 0.16523547284398693 0.2433736952166685 1.0000000000000235
589.5895895895897 0.5925466013341738 0.22369544394488358 0.18375795472096582 1.0000000000000233
590.5905905905906 0.5829616535979706 0.2753260412136628 0.1417123051883894 1.0000000000000226
591.5915915915916 0.5693033459344321 0.2995300630849112 0.13116659098067876 1.000000000000022
592.5925925925926 0.55993092344942 0.2864409038635901 0.15362817268701107 1.000000000000021
593.5935935935936 0.5616115397801925 0.24051469850776513 0.19787376171206308 1.0000000000000209
594.5945945945947 0.5768256599410712 0.17861575401324775 0.24455858604570124 1.00000000000002
595.5955955955957 0.6027341034428074 0.12340977776362327 0.2738561187935893 1.00000000000002
596.5965965965967 0.632234387732517 0.09465467824815973 0.273110934019343 1.0000000000000198
597.5975975975977 0.6567131030813317 0.1017383071375327 0.24154858978115487 1.0000000000000193
598.5985985985986 0.6694264834700749 0.14028294974404779 0.19029056678589673 1.0000000000000195
599.5995995995996 0.6681813750440782 0.19404076801422512 0.13777785694171535 1.0000000000000187
600.6006006006006 0.6562505882737428 0.24126909045592182 0.10248032127035361 1.0000000000000182
601.6016016016016 0.6411421952012228 0.26308300959056985 0.09577479520822467 1.0000000000000173
602.6026026026027 0.6316852955937553 0.25057409747062837 0.11774060693563303 1.0000000000000167
603.6036036036037 0.63456387180746 0.20801097018849637 0.1574251580040595 1.0000000000000158
604.6046046046047 0.6516597018214989 0.1509769070470644 0.1973633911314527 1.000000000000016
605.6056056056057 0.679260034252609 0.10024663549600028 0.2204933302514065 1.0000000000000158
606.6066066066066 0.7094610755482128 0.07380944942646427 0.21672947502533807 1.000000000000015
607.6076076076076 0.733236108557541 0.0801042034222029 0.18665968802027122 1.000000000000015
608.6086086086086 0.7439759746093826 0.11501103411799812 0.1410129912726344 1.000000000000015
609.6096096096097 0.7401122197832459 0.16366638210182083 0.09622139811494751 1.0000000000000142
610.6106106106107 0.7257815027321934 0.20631393362420658 0.06790456364361369 1.0000000000000138
611.6116116116117 0.7092515604427199 0.22588766959037562 0.06486076996691736 1.0000000000000129
612.6126126126127 0.6997077118492719 0.214414200751711 0.08587808739902969 1.0000000000000127
613.6136136136137 0.7036494710749366 0.17583235734644517 0.12051817157863025 1.000000000000012
614.6146146146147 0.7223111846696937 0.12424011674644568 0.15344869858387217 1.0000000000000115
615.6156156156156 0.751129892727682 0.0783356615861033 0.17053444568622617 1.0000000000000115
616.6166166166166 0.7814870295858009 0.05424522353380213 0.1642677468804083 1.0000000000000113
617.6176176176177 0.8040583008685575 0.059491151702184955 0.1364505474292687 1.000000000000011
618.6186186186187 0.8124684021032288 0.09035650103941759 0.09717509685736458 1.000000000000011
619.6196196196197 0.805817021945429 0.13356132727885994 0.06062165077572108 1.00000000000001
620.6206206206207 0.7890749305444361 0.17151043937874322 0.03941463007683022 1.0000000000000095
621.6216216216217 0.771178142571237 0.18903870506295561 0.0397831523658167 1.0000000000000093
622.6226226226227 0.7615511306294994 0.1790660790100968 0.0593827903604122 1.0000000000000084
623.6236236236236 0.7664124610589507 0.14505422305181262 0.08853331588924462 1.000000000000008
624.6246246246246 0.7863114376427663 0.09942198449185195 0.11426657786538968 1.000000000000008
625.6256256256257 0.815871272558474 0.05862741111877458 0.12550131632275924 1.0000000000000078
626.6266266266267 0.8458549028456082 0.03686409939852138 0.11728099775587811 1.0000000000000078
627.6276276276277 0.8667587861866645 0.04078832402886743 0.09245288978447565 1.0000000000000075
628.6286286286287 0.8725351648796222 0.06723497770714353 0.06022985741324143 1.000000000000007
629.6296296296297 0.8629838233033092 0.10469521499696086 0.032320961699736944 1.000000000000007
630.6306306306307 0.8438670479362863 0.13788676548342296 0.018246186580296912 1.0000000000000062
631.6316316316316 0.8246886150538757 0.15360232175283806 0.021709063193291998 1.0000000000000058
632.6326326326326 0.8149932944064616 0.14559624016941547 0.039410465424127926 1.0000000000000049
633.6336336336337 0.8206284617802073 0.11670307250748944 0.06266846571230801 1.0000000000000049
634.6346346346347 0.8414325359220344 0.07748194221552028 0.08108552186245006 1.0000000000000047
635.6356356356357 0.8712638985410087 0.04201106302932143 0.08672503842967458 1.0000000000000047
636.6366366366367 0.9003717179956515 0.022506987260693716 0.07712129474365967 1.0000000000000049
637.6376376376377 0.9191924753132591 0.024826841163527975 0.0559806835232172 1.0000000000000042
638.6386386386387 0.9220927206870543 0.04650752825989594 0.031399751053054016 1.0000000000000042
639.6396396396397 0.9095922453295978 0.07798421409105763 0.01242354057934844 1.0000000000000038
640.6406406406406 0.8881898891558138 0.1064146187993765 0.005395492044813096 1.0000000000000033
641.6416416416417 0.867848884861107 0.12058102831823847 0.011570086820657455 1.0000000000000029
642.6426426426427 0.8581153096913027 0.11499759048991509 0.02688709981878446 1.0000000000000022
643.6436436436437 0.8643826616290489 0.09172188218618783 0.04389545618476553 1.0000000000000022
644.6446446446447 0.885764857107265 0.05928858753106679 0.0549465553616703 1.0000000000000022
645.6456456456457 0.9154164723057635 0.02928188248180387 0.055301645212434775 1.0000000000000022
646.6466466466467 0.9431846860328993 0.01192196428945023 0.04489334967765277 1.0000000000000022
647.6476476476477 0.9595645526317931 0.012348528387541887 0.028086918980667373 1.0000000000000022
648.6486486486488 0.9594154939377584 0.02894925759520398 0.01163524846703992 1.0000000000000022
649.6496496496497 0.9439848092205848 0.05425911409110802 0.0017560766883088707 1.0000000000000018
650.6506506506507 0.9204412369895348 0.07797671207554749 0.0015820509349188036 1.000000000000001
651.6516516516517 0.8990928239367696 0.09088077434522168 0.01002640171800974 1.000000000000001
652.6526526526527 0.8893694849276876 0.08815678646617911 0.02247372860613387 1.0000000000000007
653.6536536536537 0.8961369072296131 0.07093823709184172 0.03292485567854553 1.0000000000000004
654.6546546546547 0.917783381528327 0.04558899475883097 0.036627623712842484 1.0000000000000004
655.6556556556557 0.946831961722284 0.02111176112337193 0.03205627715434463 1.0000000000000007
656.6566566566568 0.9728451623135164 0.005735748259746482 0.021419089426737672 1.0000000000000004
657.6576576576578 0.9864927941334836 0.0039777961990673915 0.009529409667449671 1.0000000000000007
658.6586586586587 0.9831963809301684 0.01522105423352047 0.0015825648363117348 1.0000000000000007
659.6596596596597 0.9649256439803409 0.03423658672648458 0.0008377692931750173 1.0000000000000004
660.6606606606607 0.9394417250926926 0.05333754229258375 0.007220732614723627 1.0
661.6616616616617 0.9172780486414017 0.06528159076431274 0.017440360594284998 0.9999999999999994
662.6626626626627 0.9076340411125557 0.06582529747066865 0.026540661416774698 0.9999999999999991
663.6636636636637 0.9147834618876355 0.055036373244279714 0.03018016486808397 0.9999999999999991
664.6646646646648 0.9364004238893148 0.03698207545655326 0.026617500654131678 0.9999999999999998
665.6656656656658 0.96445906205025 0.0180238840190705 0.017517053930679215 0.9999999999999998
666.6666666666667 0.9883585139303497 0.004429317155254423 0.007212168914395755 0.9999999999999999
667.6676676676677 0.9990555593519673 0.00019765983834208958 0.0007467808096906575 1.0
668.6686686686687 0.9925927311385894 0.005845480003010081 0.001561788858400551 1.0
669.6696696696697 0.9716445152601212 0.018494652155930998 0.009860832583947488 0.9999999999999998
670.6706706706707 0.9444771363826148 0.03311849594679003 0.0224043676705946 0.9999999999999994
671.6716716716717 0.9217267791762244 0.044412731997558796 0.03386048882621587 0.999999999999999
672.6726726726728 0.9122527715558382 0.048595164296346194 0.039152064147814525 0.9999999999999989
673.6736736736738 0.9196835521313979 0.04453408812333348 0.035782359745267965 0.9999999999999993
674.6746746746747 0.9410029603786795 0.03389692353771591 0.02510011608360426 0.9999999999999997
675.6756756756757 0.9677280416108733 0.020372430407615667 0.0118995279815105 0.9999999999999996
676.6766766766767 0.9892181650186084 0.008318558543845207 0.0024632764375462574 0.9999999999999999
677.6776776776777 0.9968237821112214 0.0013307658110488976 0.001845452077729764 1.0
678.6786786786787 0.9872561901139789 0.0011876664814515336 0.011556143404569674 1.0
679.6796796796798 0.9638646205656994 0.00745320582577942 0.028682173608521006 0.9999999999999999
680.6806806806808 0.9353244001721109 0.017778132310757366 0.04689746751713169 1.0
681.6816816816818 0.9122503346982661 0.028733160351723134 0.0590165049500105 0.9999999999999998
682.6826826826828 0.9030582562749196 0.036880275236954786 0.06006146848812522 0.9999999999999997
683.6836836836837 0.9106893566510345 0.03976531397104312 0.049545329377921964 0.9999999999999996
684.6846846846847 0.9314732562380246 0.03657690876986568 0.03194983499211004 1.0000000000000002
685.6856856856857 0.9565697318315166 0.02832804171650606 0.015102226451977915 1.0000000000000007
686.6866866866867 0.9754226396960209 0.01754065727840499 0.007036703025575275 1.0000000000000013
687.6876876876878 0.9798758436511056 0.00752611699307902 0.012598039355816616 1.0000000000000013
688.6886886886888 0.9673453530092214 0.0014418999377963984 0.03121274705298359 1.0000000000000013
689.6896896896898 0.9418131639975057 0.0013602812762334162 0.0568265547262619 1.000000000000001
690.6906906906908 0.9122603618340168 0.007598311824385046 0.08014132634159886 1.0000000000000007
691.6916916916917 0.889156394327968 0.018518025335391736 0.09232558033664108 1.0000000000000009
692.6926926926927 0.8803778145305123 0.030903789437383263 0.0887183960321055 1.000000000000001
693.6936936936937 0.888148673807236 0.040868953376051065 0.07098237281671445 1.0000000000000016
694.6946946946947 0.9081920848159627 0.04507008434327651 0.04673783084076265 1.0000000000000018
695.6956956956958 0.9314170118055759 0.041869590580844274 0.02671339761358195 1.0000000000000022
696.6966966966968 0.9474750166323233 0.03204672953667919 0.020478253831000135 1.0000000000000027
697.6976976976978 0.9487948094028149 0.01875198670615959 0.032453203891028314 1.0000000000000029
698.6986986986988 0.9335207781140399 0.006624374252499632 0.059854847633463173 1.0000000000000027
699.6996996996997 0.9062143260081411 0.0002845200563083503 0.09350115393555347 1.0000000000000029
700.7007007007007 0.876053002580806 0.002676629832810345 0.12127036758638648 1.0000000000000029
701.7017017017017 0.8532387593863193 0.013851580303553315 0.13290966031013027 1.0000000000000029
702.7027027027027 0.8450219856715149 0.030692123649878153 0.12428589067861018 1.000000000000003
703.7037037037038 0.8528921124051578 0.047784360256296725 0.09932352733854892 1.0000000000000036
704.7047047047048 0.8720244397982109 0.05922625617635767 0.06874930402543551 1.000000000000004
705.7057057057058 0.8931887503332283 0.060782565884872054 0.046028683781904334 1.0000000000000047
706.7067067067068 0.9063648238945344 0.05160099244856959 0.042034183656900925 1.0000000000000049
707.7077077077078 0.9046481265325994 0.03479529342449326 0.0605565800429131 1.0000000000000058
708.7087087087087 0.8869225260531846 0.01657237209391708 0.09650510185290383 1.0000000000000053
709.7097097097097 0.8582648596637819 0.004114099372606881 0.1376210409636169 1.0000000000000056
710.7107107107108 0.8279354022590196 0.0029253931778573956 0.1691392045631286 1.0000000000000058
711.7117117117118 0.8057499667601211 0.014626753492119959 0.1796232797477646 1.0000000000000058
712.7127127127128 0.7982559424874475 0.03607569069941105 0.16566836681314728 1.0000000000000058
713.7137137137138 0.8062032642713197 0.060253619744925074 0.13354311598376167 1.0000000000000064
714.7147147147148 0.8242882561964462 0.07870083126803458 0.09701091253552639 1.000000000000007
715.7157157157158 0.8432567823043045 0.08466415872101957 0.07207905897468377 1.0000000000000078
716.7167167167167 0.853533016219488 0.07578652923091973 0.07068045454960088 1.0000000000000087
717.7177177177177 0.8489504918109084 0.0552674792002299 0.09578202898887023 1.0000000000000084
718.7187187187188 0.8291310009023984 0.030949906214864018 0.1399190928827461 1.0000000000000087
719.7197197197198 0.7995931530101834 0.01256213895870372 0.18784470803112183 1.0000000000000089
720.7207207207208 0.7695633433343283 0.008077146496459433 0.22235951016922137 1.000000000000009
721.7217217217218 0.7483577057299619 0.020551357987763884 0.23109093628228386 1.0000000000000095
722.7227227227228 0.7417548411291164 0.04669634384264805 0.21154881502824505 1.0000000000000095
723.7237237237238 0.7497729148033837 0.07783054556499275 0.17239653963163415 1.0000000000000107
724.7247247247248 0.7667072512819184 0.1029653277428847 0.13032742097520775 1.0000000000000109
725.7257257257257 0.7833970897568033 0.11293490067453035 0.10366800956867774 1.0000000000000115
726.7267267267268 0.7908212677547614 0.10401747789856715 0.10516125434668351 1.000000000000012
727.7277277277278 0.783611186970509 0.07961670452159425 0.13677210850790922 1.0000000000000124
728.7287287287288 0.7621124530423355 0.049259623159536824 0.18862792379814033 1.0000000000000127
729.7297297297298 0.7322031760761085 0.02517837898133155 0.2426184449425726 1.0000000000000127
730.7307307307308 0.7029580282644552 0.017696524584652068 0.2793454471509052 1.0000000000000124
731.7317317317318 0.6830865597776964 0.031160693621605073 0.28575274660071176 1.0000000000000133
732.7327327327328 0.6775446763092029 0.06202124896424419 0.2604340747265667 1.0000000000000138
733.7337337337337 0.685638908127483 0.09989608143065605 0.21446501044187505 1.0000000000000142
734.7347347347348 0.7013495530961841 0.13132419843931936 0.16732624846451136 1.0000000000000147
735.7357357357358 0.7157269102151176 0.1448564771531032 0.13941661263179472 1.0000000000000155
736.7367367367368 0.7204073609101828 0.13555724537994168 0.14403539370989168 1.0000000000000162
737.7377377377378 0.7108677209337861 0.10714594825140158 0.18198633081482854 1.0000000000000162
738.7387387387388 0.6881510396780052 0.07086054902851939 0.24098841129349213 1.0000000000000167
739.7397397397398 0.6584052605189443 0.041366698684020424 0.3002280407970522 1.0000000000000169
740.7407407407408 0.6304359051032294 0.031197984940273454 0.3383661099565142 1.000000000000017
741.7417417417419 0.6122471108528447 0.045836071274785915 0.3419168178723869 1.0000000000000175
742.7427427427428 0.6079307201254579 0.08136268428640941 0.3107065955881506 1.0000000000000178
743.7437437437438 0.6161137871442377 0.12567957191516563 0.25820664094061546 1.0000000000000189
744.7447447447448 0.6305542819644603 0.1629374010105984 0.20650831702496078 1.0000000000000195
745.7457457457458 0.642629986650392 0.1795551225879349 0.1778148907616932 1.00000000000002
746.7467467467468 0.6447289371175436 0.16954213617981753 0.18572892670265953 1.0000000000000207
747.7477477477478 0.6332080961513171 0.1370363914263331 0.22975551242237044 1.0000000000000207
748.7487487487488 0.6097698088379843 0.09499104908799312 0.295239142074044 1.0000000000000213
749.7497497497499 0.580736121382539 0.060407838726709594 0.358856039890773 1.0000000000000218
750.7507507507509 0.554528049120791 0.047868768397128475 0.3976031824821018 1.0000000000000213
751.7517517517518 0.5383548882189721 0.06382858441375082 0.39781652736729906 1.000000000000022
752.7527527527528 0.5354160595814926 0.1039030627155094 0.3606808777030205 1.0000000000000226
753.7537537537538 0.5437027579113909 0.15428516577484447 0.3020120763137877 1.000000000000023
754.7547547547548 0.5568486721418882 0.19684794817470572 0.24630337968342986 1.0000000000000238
755.7557557557558 0.5666725874039313 0.21604980879083427 0.21727760380525865 1.0000000000000242
756.7567567567568 0.5663982810388247 0.2050095930751657 0.2285921258860344 1.0000000000000249
757.7577577577579 0.5532844130854985 0.16837527542682915 0.2783403114876978 1.0000000000000253
758.7587587587589 0.529643359886846 0.12079618725854384 0.34956045285463594 1.0000000000000258
759.7597597597598 0.5018709077260405 0.08148650608654286 0.41664258618744276 1.0000000000000262
760.7607607607608 0.4778919155796652 0.06689625283551086 0.45521183158485024 1.0000000000000262
761.7617617617618 0.46404200171665694 0.08428727101104712 0.45167072727232255 1.0000000000000266
762.7627627627628 0.462613096387153 0.1287242922316733 0.4086626113812007 1.0000000000000269
763.7637637637638 0.4710148674535121 0.1847224379569651 0.34426269458955067 1.000000000000028
764.7647647647648 0.48285865156913726 0.23201349891455492 0.2851278495163364 1.0000000000000284
765.7657657657659 0.49051324618942505 0.253284269411291 0.25620248439931326 1.0000000000000293
766.7667667667669 0.4881111219080204 0.24093008344535474 0.27095879464665423 1.0000000000000293
767.7677677677679 0.4738208287208284 0.20018726499620737 0.3259919062829941 1.00000000000003
768.7687687687688 0.45050522458278647 0.1473585144345362 0.4021362609827076 1.0000000000000302
769.7697697697698 0.4245303487722938 0.1037218854180394 0.47174776580969713 1.0000000000000302
770.7707707707708 0.40321854768016346 0.08739871170493942 0.5093827406149279 1.0000000000000309
771.7717717717718 0.3919645575100859 0.10629065768603244 0.5017447848039126 1.000000000000031
772.7727727727729 0.3921511206713803 0.15484044109109416 0.45300843823755726 1.0000000000000318
773.7737737737739 0.40067052229684347 0.21594017159424375 0.38338930610894506 1.0000000000000324
774.7747747747749 0.41121602612259184 0.2673409111232076 0.32144306275423346 1.0000000000000329
775.7757757757759 0.4168093905948783 0.29016176819861716 0.293028841206538 1.0000000000000335
776.7767767767768 0.41255264333219516 0.2762415345002812 0.31120582216755766 1.0000000000000342
777.7777777777778 0.397519081334167 0.23146822045113424 0.37101269821473304 1.0000000000000342
778.7787787787788 0.37505319730552344 0.1737311917136629 0.451215610980848 1.0000000000000344
779.7797797797798 0.35138623490022036 0.12620046038167929 0.5224133047181352 1.0000000000000349
780.7807807807809 0.33313848464069057 0.10845837088480521 0.5584031444745392 1.000000000000035
781.7817817817819 0.324709104053977 0.12888056218384125 0.5464103337622171 1.0000000000000355
782.7827827827829 0.32658320912285393 0.18123256221280895 0.49218422866437295 1.000000000000036
783.7837837837839 0.3352086034517317 0.24686213323185008 0.4179292633164546 1.0000000000000364
784.7847847847848 0.3444655327225993 0.3017225733047851 0.3538118939726525 1.0000000000000369
785.7857857857858 0.34812413471469106 0.32558142138764046 0.326294443897706 1.0000000000000375
786.7867867867868 0.3423039887682008 0.3098851284838193 0.34781088274801797 1.0000000000000382
787.7877877877878 0.3269648777570363 0.2612201956534146 0.4118149265895872 1.0000000000000382
788.7887887887889 0.3058559148035003 0.19897227030574272 0.495171814890795 1.000000000000038
789.7897897897899 0.2849685322054593 0.14800996687333845 0.5670215009212407 1.0000000000000384
790.7907907907909 0.27012966224330137 0.1291555783644109 0.6007147593923263 1.0000000000000386
791.7917917917919 0.26470139185649255 0.15109695421349403 0.5842016539300524 1.000000000000039
792.7927927927929 0.26829572290288684 0.20688445884997553 0.5248198182471773 1.0000000000000395
793.7937937937938 0.2769964477016321 0.2764236070905377 0.4465799452078703 1.0000000000000402
794.7947947947948 0.28497502909552147 0.3340732710701461 0.38095169983437305 1.0000000000000406
795.7957957957958 0.28683650392934407 0.35847482841969897 0.354688667650998 1.000000000000041
796.7967967967969 0.2797525307013471 0.3408412181664172 0.3794062511322771 1.0000000000000413
797.7977977977979 0.2645384080829987 0.2884864320290324 0.4469751598880104 1.0000000000000415
798.7987987987989 0.24526394215569464 0.2221789071312014 0.5325571507131457 1.0000000000000417
799.7997997997999 0.22757737338031733 0.1682732601927825 0.604149366426942 1.0000000000000417
800.8008008008009 0.21643053026811424 0.14860286409399792 0.6349666056379298 1.000000000000042
801.8018018018018 0.21412065133839422 0.17201264080915457 0.6138667078524936 1.0000000000000424
802.8028028028028 0.2194235905656038 0.23081814398004308 0.549758265454396 1.0000000000000429
803.8038038038039 0.22814586441363088 0.3036074296659702 0.46824670592044226 1.0000000000000433
804.8048048048049 0.23485197676654393 0.363366325465657 0.4017816977678425 1.0000000000000435
805.8058058058059 0.2350582377074012 0.3878417523729319 0.3771000099197111 1.0000000000000442
806.8068068068069 0.22700903798026495 0.3681641154235981 0.404826846596181 1.0000000000000442
807.8078078078079 0.21233210732761143 0.31238511579717376 0.4752827768752592 1.0000000000000444
808.8088088088089 0.195328464136107 0.24252029544590953 0.5621512404180279 1.0000000000000444
809.8098098098098 0.18120299826102781 0.18618088137943692 0.63261612035958 1.0000000000000449
810.8108108108108 0.1739614304106144 0.16597767341846476 0.6600608961709655 1.0000000000000446
811.8118118118119 0.17482240144989689 0.19076655190155725 0.6344110466485906 1.0000000000000449
812.8128128128129 0.18177435931330932 0.2521277597807091 0.566097880906027 1.0000000000000453
813.8138138138139 0.19043814518912125 0.32747828522725997 0.48208356958366433 1.0000000000000455
814.8148148148149 0.1958691519074984 0.38866776529696784 0.41546308279557975 1.000000000000046
815.8158158158159 0.19456008393965385 0.41278362238477145 0.39265629367562116 1.0000000000000466
816.8168168168169 0.1858346325121065 0.3910145417376526 0.4231508257502872 1.0000000000000462
817.8178178178179 0.1720785290431596 0.332140705766336 0.49578076519055087 1.0000000000000464
818.8188188188188 0.15773041532350687 0.25926813325855713 0.5830014514179824 1.0000000000000464
819.8198198198199 0.14745644046895295 0.2010211541072798 0.6515224054238139 1.0000000000000466
820.8208208208209 0.14425699083183302 0.18055260651176921 0.6751904026564445 1.0000000000000466
821.8218218218219 0.14827250439463951 0.2065944543069784 0.6451330412984291 1.000000000000047
822.8228228228229 0.1567636912743262 0.270010780551721 0.573225528174 1.000000000000047
823.8238238238239 0.1652607079548226 0.34721408510432106 0.4875252069409039 1.0000000000000475
824.8248248248249 0.16940219377452984 0.4091673636804298 0.42143044254508816 1.0000000000000477
825.8258258258259 0.16671016389662205 0.4325337039557022 0.4007561321477235 1.0000000000000477
826.8268268268268 0.1575800821393725 0.40868860784564576 0.4337313100150297 1.000000000000048
827.827827827828 0.14509084125152721 0.34711172120564693 0.5077974375428735 1.0000000000000477
828.8288288288289 0.13372251741623364 0.271823537342479 0.5944539452413353 1.000000000000048
829.8298298298299 0.12751338181196928 0.2122067310420644 0.6602798871460142 1.000000000000048
830.8308308308309 0.12841190947252445 0.1917220864305533 0.67986600409697 1.0000000000000477
831.8318318318319 0.135494789216029 0.218856015968984 0.6456491948150354 1.0000000000000484
832.8328328328329 0.14536458084971118 0.2837954204563362 0.5708399986940008 1.0000000000000482
833.8338338338339 0.15355760862515858 0.36213335683808523 0.48430903453680446 1.0000000000000482
834.834834834835 0.1563811840498645 0.4242054776982479 0.4194133382519361 1.0000000000000484
835.835835835836 0.15242656217121256 0.4464828967863045 0.4010905410425313 1.0000000000000484
836.8368368368369 0.1431395430893205 0.4206423077915923 0.43621814911913565 1.0000000000000484
837.8378378378379 0.1322180127130887 0.3568140005724748 0.5109679867144847 1.0000000000000482
838.8388388388389 0.12408624106451766 0.2797394343267668 0.5961743246087637 1.0000000000000482
839.8398398398399 0.12207313661470504 0.219296634346301 0.6586302290390421 1.0000000000000482
840.8408408408409 0.12704203109353476 0.1990245066005706 0.6739334623059426 1.000000000000048
841.8418418418419 0.1370340928590813 0.22705727369166873 0.635908633449298 1.000000000000048
842.842842842843 0.14807208856529222 0.29296330301324613 0.5589646084215101 1.0000000000000484
843.843843843844 0.15579566656833937 0.3717177096797099 0.47248662375199907 1.0000000000000484
844.8448448448449 0.15725795706334128 0.4332947754595559 0.40944726747715116 1.0000000000000484
845.8458458458459 0.15214579583531548 0.4542002697755028 0.39365393438922985 1.0000000000000482
846.8468468468469 0.14292035811066275 0.4265106662425289 0.4305689756468563 1.000000000000048
847.8478478478479 0.1338162429976633 0.360938598064914 0.5052451589374706 1.000000000000048
848.8488488488489 0.12910518790807377 0.282737618361482 0.5881571937304918 1.0000000000000475
849.8498498498499 0.13133419998256204 0.22201299464463498 0.6466528053728505 1.0000000000000475
850.850850850851 0.1402620890241024 0.20215907020448332 0.6575788407714617 1.0000000000000475
851.851851851852 0.15293602822268773 0.230867722129232 0.6161962496481279 1.0000000000000475
852.852852852853 0.16488484312252938 0.2971666175848414 0.5379485392926768 1.0000000000000475
853.8538538538539 0.17194740185488122 0.3756286156347471 0.4524239825104192 1.0000000000000475
854.8548548548549 0.17199028792246024 0.43613611200555136 0.39187360007203575 1.0000000000000473
855.8558558558559 0.16580825904893876 0.45544762378844966 0.37874411716265877 1.000000000000047
856.8568568568569 0.1568299530779389 0.4261208617651504 0.4170491851569578 1.000000000000047
857.8578578578579 0.14973762108791022 0.35936367063449043 0.49089870827764587 1.0000000000000466
858.858858858859 0.14855581466095477 0.2807198516627007 0.570724333676391 1.0000000000000464
859.85985985986 0.1549872156485938 0.22025188061873255 0.6247609037327196 1.000000000000046
860.860860860861 0.16768090048654605 0.20099672334543636 0.6313223761680636 1.0000000000000462
861.8618618618619 0.18274420353312726 0.23013143363019894 0.58712436283672 1.0000000000000462
862.8628628628629 0.19530397551601986 0.29623918324853366 0.5084568412354923 1.0000000000000457
863.8638638638639 0.20149139188278356 0.3737179442011083 0.424790663916154 1.000000000000046
864.8648648648649 0.20004351242224955 0.43262801816372853 0.36732846941406766 1.0000000000000457
865.865865865866 0.19286114308614924 0.45018757849514246 0.3569512784187537 1.0000000000000453
866.866866866867 0.18428027519728918 0.4194988564430239 0.3962208683597318 1.0000000000000449
867.867867867868 0.17933639424562475 0.3521599167679512 0.4685036889864687 1.0000000000000446
868.868868868869 0.18171581510008805 0.273772593310071 0.5445115915898853 1.0000000000000444
869.86986986987 0.19222561073692157 0.21408782087563796 0.5936865683874848 1.0000000000000444
870.8708708708709 0.20841419448788487 0.19558479433325415 0.5960010111789049 1.000000000000044
871.8718718718719 0.22551500658856197 0.22487183090792276 0.5496131625035591 1.0000000000000437
872.8728728728729 0.23834953777582976 0.2902010555401617 0.4714494066840523 1.0000000000000437
873.873873873874 0.24343004316200814 0.3660319071778513 0.390538049660184 1.0000000000000435
874.874874874875 0.24040952004593344 0.4228694875875847 0.33672099236652486 1.000000000000043
875.875875875876 0.23227871809529166 0.43858490283004126 0.32913637907470955 1.0000000000000424
876.876876876877 0.22420960100549484 0.40686928651570003 0.3689211124788473 1.0000000000000422
877.877877877878 0.22149261272278908 0.33958935274506535 0.43891803453218725 1.0000000000000417
878.8788788788789 0.22738985889460075 0.2621651656661766 0.5104449754392643 1.0000000000000417
879.8798798798799 0.2417735277827741 0.2037718434550072 0.55445462876226 1.0000000000000413
880.8808808808809 0.2611146349674938 0.18614517555563573 0.5527401894769117 1.0000000000000413
881.881881881882 0.2798494524334777 0.21528995993417924 0.5048605876323835 1.0000000000000404
882.882882882883 0.2925938455233781 0.2792565390625115 0.4281496154141511 1.0000000000000406
883.883883883884 0.2963241622585668 0.3528082997880981 0.35086753795337555 1.0000000000000404
884.884884884885 0.2916424508908111 0.4071559791028807 0.30120157000634823 1.00000000000004
885.885885885886 0.28259925340995257 0.4210010416590052 0.29639970493108186 1.0000000000000395
886.8868868868869 0.27512093366516494 0.3886486018281355 0.33623046450673866 1.000000000000039
887.8878878878879 0.27465230817470293 0.32209744436118454 0.4032502474641511 1.0000000000000386
888.8888888888889 0.28395177994635856 0.24634139885444759 0.46970682119923196 1.0000000000000382
889.88988988989 0.3019300802631239 0.18972308843210017 0.5083468313048138 1.000000000000038
890.890890890891 0.32401800073457665 0.17306611425302953 0.5029158850124315 1.0000000000000377
891.891891891892 0.3439409953609962 0.20175634099101944 0.4543026636480215 1.0000000000000373
892.892892892893 0.35621058960081864 0.26378570086859104 0.3800037095306274 1.000000000000037
893.893893893894 0.3583431196015932 0.33446715782529945 0.30718972257314414 1.0000000000000369
894.894894894895 0.3519098403747176 0.38596878603827106 0.2621213735870477 1.0000000000000364
895.8958958958959 0.3419772692434671 0.3979820259508364 0.2600407048057321 1.0000000000000355
896.896896896897 0.3351356279494546 0.3654316756685444 0.29943269638203607 1.000000000000035
897.897897897898 0.33688278560758905 0.300298844149543 0.36281837024290237 1.0000000000000344
898.898898898899 0.34940173251042417 0.2269050237598805 0.4236932437297292 1.000000000000034
899.8998998999 0.3706283878476567 0.1725142774323952 0.4568573347199819 1.0000000000000338
900.900900900901 0.3950039187603765 0.15688790600912544 0.44810817523053154 1.0000000000000335
901.901901901902 0.41563764674471887 0.1847967033493657 0.3995656499059488 1.0000000000000333
902.902902902903 0.42703800836644934 0.24432970772254595 0.32863228391103766 1.0000000000000329
903.9039039039039 0.4273288517514152 0.3115951794372559 0.26107596881136147 1.0000000000000326
904.904904904905 0.4190574126864515 0.35995815327310854 0.22098443404047186 1.000000000000032
905.905905905906 0.4082492746065593 0.37024018196598574 0.22151054342748627 1.0000000000000313
906.906906906907 0.40206034813540104 0.337972332892524 0.25996731897210595 1.0000000000000309
907.907907907908 0.40594108059826106 0.2749572078286478 0.3191017115731217 1.0000000000000306
908.908908908909 0.42143631092148437 0.20459930492462933 0.3739643841539161 1.0000000000000298
909.90990990991 0.44550733151979954 0.15285154245486388 0.40164112602536617 1.0000000000000298
910.910910910911 0.4716690383848811 0.13828300187882236 0.39004795973632594 1.0000000000000295
911.911911911912 0.4925162386687881 0.16507212556588405 0.3424116357653571 1.0000000000000293
912.912912912913 0.5026539182578699 0.2215705268083614 0.2757755549337977 1.0000000000000289
913.913913913914 0.5008714610408649 0.28492447651538566 0.21420406244377774 1.0000000000000282
914.914914914915 0.49068524418258136 0.3299207383127644 0.17939401750468176 1.0000000000000275
915.915915915916 0.47901067314652906 0.33863026875001845 0.18235905810347952 1.000000000000027
916.916916916917 0.4734649974608849 0.3071584551872356 0.21937654735190593 1.0000000000000264
917.917917917918 0.4793531738400129 0.2469597712027567 0.2736870549572563 1.000000000000026
918.918918918919 0.49752917654296486 0.18028160873117602 0.3221892147258846 1.0000000000000253
919.91991991992 0.5239935246950133 0.13154931749917342 0.34445715780583847 1.000000000000025
920.920920920921 0.5514100987733216 0.11803123914696635 0.3305586620797369 1.0000000000000249
921.921921921922 0.5719662472293723 0.14335430128448579 0.28467945148616675 1.0000000000000249
922.922922922923 0.5804599832355022 0.19630572661541357 0.22323429014910837 1.0000000000000242
923.923923923924 0.5763937633133931 0.2553064169053023 0.1682998197813283 1.0000000000000238
924.924924924925 0.564232618134117 0.29677220729759984 0.1389951745683061 1.0000000000000229
925.925925925926 0.5517011269013599 0.30412086511465425 0.14417800798400843 1.0000000000000226
926.926926926927 0.5467688741822454 0.2739825105608048 0.17924861525697144 1.0000000000000218
927.927927927928 0.55450117987606 0.21728755278818712 0.228211267335774 1.000000000000021
928.928928928929 0.5750193693916644 0.1548937822214501 0.2700868483869061 1.0000000000000207
929.92992992993 0.6033906400097573 0.10950117301216727 0.287108186978096 1.0000000000000207
930.930930930931 0.6315139957536404 0.0969910797226531 0.2714949245237267 1.0000000000000202
931.931931931932 0.6512802536591161 0.1204968227380059 0.2282229236028979 1.00000000000002
932.932932932933 0.6577722783636825 0.16941928567863343 0.17280843595770354 1.0000000000000193
933.933933933934 0.6512418191177178 0.22368148796264542 0.12507669291965595 1.000000000000019
934.934934934935 0.6370685864168592 0.26151592370085236 0.10141548988230689 1.0000000000000184
935.9359359359361 0.6236953714230692 0.2677619906283659 0.10854263794858272 1.0000000000000178
936.9369369369371 0.6193320220263415 0.23950851307835902 0.14115946489531678 1.0000000000000173
937.937937937938 0.6287154493008631 0.18698220156800965 0.1843023491311439 1.0000000000000167
938.938938938939 0.651204214572132 0.12942936744851208 0.21936641797937226 1.0000000000000162
939.93993993994 0.6809729750346482 0.08764761887727177 0.2313794060880963 1.0000000000000162
940.940940940941 0.7092517091020781 0.0760678829848971 0.21468040791304055 1.0000000000000158
941.941941941942 0.7277478878498004 0.09740351481036716 0.1748485973398479 1.0000000000000153
942.942942942943 0.7319149804857357 0.14184945561063783 0.12623556390364185 1.0000000000000153
943.9439439439441 0.7227782722556999 0.19104624844891052 0.08617547929540417 1.0000000000000147
944.9449449449451 0.7065850526523277 0.22520882077836807 0.06820612656931832 1.0000000000000142
945.945945945946 0.6923962847439833 0.23065007424276465 0.07695364101326556 1.0000000000000135
946.946946946947 0.6885485620114531 0.204836542957719 0.10661489503084068 1.0000000000000129
947.947947947948 0.6993683534362053 0.15711062808054926 0.14352101848325802 1.0000000000000127
948.948948948949 0.7234335745170672 0.10489879011920249 0.17166763536374266 1.0000000000000124
949.94994994995 0.7540799927437284 0.06694201141030984 0.17897799584597388 1.0000000000000122
950.950950950951 0.7819728160044574 0.05618034646169467 0.16184683753385984 1.000000000000012
951.9519519519521 0.7987499756167292 0.07499495659843877 0.12625506778484324 1.0000000000000113
952.9529529529531 0.8003139075195272 0.11455482659296462 0.08513126588751936 1.0000000000000113
953.953953953954 0.7884752194522454 0.15841853466230546 0.053106245885459646 1.0000000000000107
954.954954954955 0.7702891020033068 0.1889256439815538 0.04078525401514952 1.00000000000001
955.955955955956 0.7553269339266916 0.1938914745679315 0.050781591505386275 1.0000000000000093
956.956956956957 0.7519387245324303 0.17106604205013062 0.07699523341744798 1.0000000000000089
957.957957957958 0.7639664634632216 0.1287286363399173 0.10730490019686979 1.0000000000000087
958.958958958959 0.7892021526212997 0.08229373542920186 0.12850411194950706 1.0000000000000084
959.9599599599601 0.8202085392971387 0.04831576970201957 0.1314756910008504 1.0000000000000087
960.9609609609611 0.8471972955470709 0.03822631427514288 0.1145763901777942 1.000000000000008
961.9619619619621 0.8618496024938868 0.05417439124961536 0.08397600625650599 1.000000000000008
962.962962962963 0.8605866312695359 0.08847980464902266 0.05093356408144892 1.0000000000000075
963.963963963964 0.8460033496583165 0.12680214460505865 0.02719450573663216 1.0000000000000073
964.964964964965 0.8258913284525604 0.1537228032505295 0.02038586829691648 1.0000000000000064
965.965965965966 0.8102183592107515 0.1585658043473422 0.031215836441912375 1.000000000000006
966.9669669669671 0.8072363476339062 0.1392591424960738 0.05350450987002546 1.0000000000000056
967.9679679679681 0.8202378941809213 0.10284481106803522 0.07691729475104887 1.0000000000000053
968.9689689689691 0.8462366237426036 0.06255195577061358 0.09121142048678776 1.0000000000000049
969.9699699699701 0.8770995237173809 0.032644134163648135 0.09025634211897605 1.000000000000005
970.970970970971 0.9027014234194822 0.023049177456314286 0.07424939912420858 1.000000000000005
971.971971971972 0.9148769132946395 0.035794246207149674 0.049328840498215704 1.0000000000000049
972.972972972973 0.9106260067334044 0.06452072849071663 0.02485326477588351 1.0000000000000047
973.973973973974 0.8933142206185007 0.09715223892326608 0.009533540458237393 1.0000000000000042
974.9749749749751 0.8713870500586837 0.12060308553546477 0.008009864405855088 1.0000000000000036
975.9759759759761 0.8550900057671834 0.12569031670257585 0.019219677530244037 1.0000000000000033
976.9769769769771 0.8524687678607707 0.11040528546531711 0.037125946673914945 1.0000000000000029
977.9779779779781 0.8662117539009743 0.08038590806035052 0.05340233803867782 1.0000000000000027
978.9789789789791 0.8925745497498568 0.046523743246428426 0.06090170700371736 1.0000000000000027
979.97997997998 0.9228160384797178 0.020713684275326584 0.056470277244957935 1.0000000000000024
980.980980980981 0.9465947622451036 0.011406071150113339 0.04199916660478583 1.0000000000000029
981.981981981982 0.9560046844096751 0.020624464124813682 0.023370851465513872 1.0000000000000027
982.9829829829831 0.9486741895646666 0.043493828898310945 0.007831981537024142 1.0000000000000018
983.9839839839841 0.9287127793326312 0.07034266884376317 0.0009445518236075486 1.000000000000002
984.9849849849851 0.9051275515054067 0.0904824447313788 0.0043900037632159826 1.0000000000000016
985.9859859859861 0.8883199715335803 0.09618657206755893 0.01549345639886196 1.0000000000000013
986.9869869869871 0.8860262983335528 0.0853883423879484 0.028585359278499443 1.0000000000000007
987.987987987988 0.900286920445828 0.06216494540994555 0.037548134144227086 1.0000000000000007
988.988988988989 0.9266323274057962 0.0349412450158015 0.03842642757840313 1.0000000000000009
989.98998998999 0.9558102000731756 0.013192773818324231 0.030997026108500914 1.0000000000000007
990.9909909909911 0.9773855638814767 0.003939012038426212 0.018675424080098 1.0000000000000009
991.9919919919921 0.983812027241968 0.009323780390946224 0.006864192367086544 1.0000000000000007
992.9929929929931 0.9733845446588972 0.02610616636597022 0.0005092889751329064 1.0000000000000002
993.9939939939941 0.9509175735655253 0.04713637042327483 0.0019460560112006227 1.0000000000000007
994.9949949949951 0.9258788425285179 0.06416001066045635 0.009961146811025758 1.0
995.995995995996 0.9087025974591268 0.07085052378696066 0.02044687875391231 0.9999999999999998
996.996996996997 0.9067188553235418 0.06495736450756691 0.028323780168890717 0.9999999999999994
997.9979979979981 0.9212877390105412 0.04885310149363941 0.029859159495818997 0.9999999999999996
998.9989989989991 0.947259801231245 0.02839170329286956 0.02434849547588506 0.9999999999999996
1000.0 0.9749763837099559 0.010605942305809097 0.014417673984234998 1.0
